Query number 1: 1 3 11 110 62 22 4 0 43 21 22 18 6 28 64 9 11 1 0 0 1 40 101 21 20 2 4 2 2 9 18 35 1 1 7 25 108 116 63 2 0 0 11 74 40 101 116 3 33 1 1 11 14 18 116 116 68 12 5 4 2 2 9 102 17 3 10 18 8 15 67 63 15 0 14 116 80 0 2 22 96 37 28 88 43 1 4 18 116 51 5 11 32 14 8 23 44 17 12 9 0 0 19 37 85 18 16 104 22 6 2 26 12 58 67 82 25 12 2 2 25 18 8 2 19 42 48 
Nearest neighbor : 3650 24 11 4 4 11 15 38 42 21 13 2 0 3 81 116 73 4 1 0 3 12 59 116 99 95 8 0 2 10 17 30 40 2 0 0 15 33 72 39 23 3 0 0 1 10 116 116 37 112 10 0 0 1 68 89 83 116 5 0 1 1 2 16 101 17 15 22 29 63 55 8 0 14 39 23 48 67 26 25 1 87 116 15 0 6 12 11 16 116 41 0 0 1 3 13 69 46 8 5 11 11 13 5 18 19 60 34 51 44 4 6 11 19 75 15 7 37 48 7 7 92 33 4 2 7 6 6 
distanceLSH : 376.29
Query number 2: 40 25 11 0 22 31 6 8 10 3 0 1 30 91 88 18 38 44 16 1 5 25 70 36 1 22 10 7 10 40 61 1 60 9 8 4 111 45 21 45 9 1 1 14 111 111 70 26 95 13 3 2 3 39 111 111 20 3 11 11 1 32 70 22 48 8 9 25 60 26 14 37 4 5 65 110 111 31 1 0 101 78 84 34 4 2 2 29 33 44 25 22 2 0 4 18 54 51 24 21 12 18 5 6 11 17 100 65 50 92 37 14 23 77 95 9 3 14 60 40 4 30 23 32 10 3 19 
Nearest neighbor : 1754 15 17 4 0 15 12 15 28 37 7 4 1 21 68 52 84 37 0 0 21 33 86 46 111 20 3 24 56 9 0 10 32 38 63 6 4 63 16 0 1 23 16 7 17 111 96 87 36 111 41 26 33 29 19 26 87 111 24 7 3 0 7 14 42 32 31 67 59 68 14 0 0 36 41 43 92 111 32 1 8 111 111 44 16 13 0 0 19 22 12 10 11 17 18 8 49 0 1 47 69 4 12 43 7 16 9 94 111 6 1 33 28 91 57 61 48 41 2 3 11 9 11 6 20 50 2 0 
distanceLSH : 346.537
Query number 3: 28 4 3 6 7 2 2 18 19 37 111 16 10 2 6 42 6 7 114 33 16 19 10 18 5 6 73 9 3 3 0 7 103 6 1 1 2 2 1 60 141 98 139 19 0 0 3 73 7 27 141 72 0 4 15 12 0 10 141 88 2 2 7 6 100 43 7 5 1 0 0 19 141 76 0 0 0 7 19 76 14 3 2 2 0 18 114 49 0 1 3 12 6 5 52 50 61 64 21 13 0 0 0 3 86 60 0 0 6 28 24 18 1 0 0 0 7 41 59 17 0 0 0 0 0 2 54 
Nearest neighbor : 7850 7 17 25 4 0 0 1 4 1 28 124 14 0 0 27 15 2 3 117 27 0 5 30 12 0 3 43 11 0 1 2 4 113 41 10 9 2 0 0 25 120 99 124 29 0 0 1 64 3 1 124 124 35 4 3 5 0 1 74 69 35 15 4 1 106 15 4 23 26 2 0 23 124 28 1 0 0 17 22 69 8 0 2 18 60 121 47 6 4 0 0 6 81 96 15 14 57 8 2 9 19 3 0 13 98 6 0 0 0 43 42 50 0 0 0 0 7 124 54 0 0 0 0 0 11 100 11 
distanceLSH : 301.935
Query number 4: 24 12 14 8 3 12 4 8 8 12 20 17 8 67 66 8 8 8 1 0 0 18 119 32 12 4 7 8 1 18 70 20 18 35 23 25 103 34 4 5 1 1 4 29 119 119 77 6 72 7 5 2 0 14 119 60 119 12 8 3 0 1 18 38 7 6 8 27 84 53 22 6 0 6 60 119 104 11 0 0 42 104 119 25 0 0 0 7 119 98 23 0 5 20 6 11 6 7 14 7 6 6 12 25 4 7 68 91 2 0 1 8 3 87 97 17 4 30 8 0 1 39 15 0 14 103 16 
Nearest neighbor : 8831 46 53 3 1 0 13 26 9 6 13 6 3 6 63 119 2 11 3 4 9 2 28 126 35 29 1 1 2 1 0 16 69 33 8 1 37 92 57 47 27 0 0 0 23 52 105 126 2 69 4 0 0 0 26 126 70 126 8 0 0 0 0 16 114 17 1 2 63 96 36 35 37 0 0 0 48 126 35 9 0 126 26 0 0 2 0 2 18 126 40 0 0 0 0 7 73 0 0 0 19 46 25 48 20 0 0 0 47 49 20 4 7 34 2 1 3 3 0 5 31 20 0 0 0 0 0 35 
distanceLSH : 375.557
Query number 5: 0 4 47 20 9 2 1 0 41 42 80 2 0 0 2 1 56 42 27 31 10 0 0 0 5 0 3 40 17 0 2 12 8 22 112 21 2 4 39 39 52 126 128 35 0 0 3 46 15 25 127 128 11 0 0 1 1 0 11 123 51 2 2 4 49 4 0 0 37 27 38 59 128 25 6 10 1 7 7 128 24 1 7 92 69 106 9 23 0 0 7 84 37 54 42 4 65 18 4 5 18 10 0 2 128 29 0 0 6 25 10 28 8 0 0 0 47 128 21 6 0 0 0 0 8 69 45 
Nearest neighbor : 2749 8 11 8 34 20 35 12 1 77 29 83 36 18 33 49 92 41 77 63 23 63 59 38 26 13 62 42 11 18 18 17 5 111 39 7 19 15 33 29 35 111 107 123 28 1 2 7 23 38 53 123 81 39 3 6 4 13 27 27 54 75 15 10 6 123 10 1 57 24 24 19 60 123 39 1 0 5 13 23 65 8 8 8 23 69 41 48 38 4 1 7 31 75 19 8 6 87 36 26 8 14 15 14 28 123 17 4 0 9 31 29 60 2 4 0 2 30 51 59 25 17 15 3 4 8 14 10 
distanceLSH : 350.304
Query number 6: 16 52 32 13 2 6 34 49 45 83 6 2 26 57 14 46 19 9 4 13 53 104 33 11 25 19 30 10 7 2 8 7 25 1 2 25 24 28 61 83 41 9 14 3 7 114 114 114 114 5 5 1 5 114 73 75 106 3 5 6 6 8 15 45 2 15 7 114 103 6 5 4 9 67 47 22 32 27 41 10 114 36 43 42 23 9 7 30 114 19 7 5 6 6 21 48 2 1 0 8 114 13 0 1 53 83 14 8 16 12 16 20 27 87 45 50 15 5 5 6 32 49 21 7 5 0 5 
Nearest neighbor : 8464 73 0 0 0 39 121 21 53 63 0 0 0 4 53 121 121 32 2 4 7 20 121 121 44 57 45 54 32 25 34 7 33 23 0 0 0 27 43 33 37 40 1 0 0 23 75 92 59 121 16 9 11 24 42 60 49 121 7 6 11 73 121 7 61 5 4 5 7 10 1 3 4 40 8 11 14 28 15 0 7 121 19 4 15 20 8 17 62 57 19 20 30 73 62 30 36 19 28 19 2 1 0 0 0 10 18 42 60 38 1 0 0 71 38 2 7 8 4 7 25 41 81 35 27 3 1 4 
distanceLSH : 417.993
Query number 7: 21 17 52 17 17 10 10 8 25 12 16 15 32 77 120 38 43 5 21 36 40 17 34 78 23 4 1 12 30 16 20 41 1 0 3 4 57 79 108 14 36 0 0 12 120 120 84 40 120 6 0 32 22 8 44 120 46 27 2 31 22 4 23 21 12 8 13 11 28 40 30 3 34 33 68 120 32 16 4 2 120 104 17 19 0 0 9 33 44 49 1 2 7 11 10 20 65 16 10 3 0 3 1 10 112 35 85 120 21 0 2 38 34 51 62 73 11 0 1 1 21 31 6 8 8 1 2 
Nearest neighbor : 6095 34 0 0 0 12 19 2 20 6 0 0 0 17 64 85 45 9 0 0 0 3 112 60 60 31 0 0 0 0 9 24 83 62 11 4 5 54 80 63 54 13 0 1 9 112 112 81 69 63 6 0 0 4 112 67 63 112 25 0 0 0 10 24 54 103 8 9 14 63 46 33 34 33 12 7 54 112 8 9 10 69 85 10 2 11 6 15 18 79 25 3 2 12 82 96 24 61 58 45 12 22 6 0 2 33 29 2 112 106 32 2 2 33 38 5 10 20 21 40 14 4 1 9 23 20 17 9 
distanceLSH : 374.598
Query number 8: 3 1 0 1 1 1 0 2 11 15 12 12 5 1 0 6 128 80 54 14 0 0 0 12 34 10 100 107 0 0 0 4 6 4 10 4 0 0 0 9 11 4 7 23 5 0 3 30 128 8 1 3 3 0 1 128 124 9 27 58 2 2 2 40 7 48 122 20 0 0 0 2 2 6 128 80 4 0 1 4 128 52 128 42 3 1 0 45 128 31 14 22 9 1 8 40 44 50 34 1 0 0 0 3 26 60 128 31 0 0 1 1 14 32 128 65 16 6 4 1 36 20 12 5 11 25 51 
Nearest neighbor : 9591 11 0 0 8 7 26 53 52 7 0 0 0 2 95 42 10 89 1 0 6 5 6 8 84 15 3 4 36 22 1 9 23 11 0 5 86 76 18 8 39 10 1 3 5 15 76 15 24 120 63 13 2 1 3 8 90 71 26 27 45 12 4 10 31 4 8 120 120 72 10 2 3 14 32 120 120 7 6 0 1 120 120 70 50 1 0 1 10 28 11 33 80 7 7 25 27 42 13 34 10 6 5 0 19 15 20 120 118 7 0 0 24 47 52 70 50 54 15 6 26 26 2 16 37 32 19 3 
distanceLSH : 379.463
Query number 9: 1 12 4 2 41 40 19 5 3 30 29 22 13 3 0 0 1 5 27 54 36 4 6 10 49 0 0 6 11 3 10 60 101 18 1 1 5 12 34 43 62 108 66 13 0 0 4 8 4 49 122 122 32 6 7 0 74 8 8 122 45 5 2 43 122 26 3 4 8 1 3 17 122 75 7 0 2 33 40 73 12 17 27 38 38 122 122 13 38 26 17 74 58 56 57 23 16 28 5 3 11 21 9 12 14 1 1 0 7 32 81 90 8 3 12 13 93 97 61 18 99 9 8 4 9 6 17 
Nearest neighbor : 5165 0 4 6 5 0 19 5 0 1 28 37 1 0 8 3 0 0 9 68 27 1 0 0 0 0 0 3 13 6 1 0 0 31 39 34 42 10 12 11 17 63 126 126 4 1 3 4 32 0 33 126 126 33 7 5 4 0 0 7 126 52 0 0 0 52 4 0 3 3 13 43 50 126 41 9 5 1 9 15 126 13 10 15 51 63 105 48 16 1 5 6 56 111 106 16 0 29 3 0 0 0 0 0 9 109 8 0 0 0 12 95 96 4 2 0 3 32 126 121 12 20 9 2 0 8 60 6 
distanceLSH : 310.164
Query number 10: 0 11 77 24 3 0 0 0 28 70 125 8 0 0 0 0 44 35 50 45 9 0 0 0 4 0 4 56 18 0 3 9 16 17 59 10 10 8 57 57 100 105 125 41 1 0 6 92 8 14 73 125 29 7 0 5 0 0 8 124 66 6 3 1 63 5 0 1 49 32 17 35 125 21 0 3 2 12 6 109 21 0 0 35 74 125 14 23 0 0 6 50 25 70 64 7 59 18 7 16 22 5 0 1 125 23 1 0 7 30 14 32 4 0 2 2 59 125 19 4 0 0 2 1 6 53 33 
Nearest neighbor : 5778 0 1 5 17 20 3 5 0 5 39 47 1 0 0 0 1 13 22 92 20 0 0 0 1 13 2 9 7 0 0 0 2 69 36 24 4 4 2 10 29 71 147 147 0 0 0 0 26 0 70 147 147 0 0 0 0 2 12 127 147 0 0 0 0 105 11 0 0 0 0 0 49 147 39 14 0 0 0 0 144 16 7 17 30 0 1 3 8 1 4 95 65 0 0 0 0 64 20 0 0 0 0 0 2 147 62 0 0 0 0 0 18 16 8 1 0 0 0 3 8 2 0 0 1 1 2 3 
distanceLSH : 374.989
Query number 11: 7 4 5 11 2 2 41 98 10 68 30 10 12 91 38 32 39 35 5 3 22 112 24 19 89 46 0 0 6 29 6 15 14 10 45 35 9 5 42 91 8 3 13 5 7 112 112 52 112 23 10 0 2 47 48 108 112 21 0 3 103 106 2 30 0 3 45 87 77 5 1 0 0 37 105 37 17 4 10 0 112 64 69 11 0 0 1 16 112 14 2 21 112 20 0 21 12 13 20 11 40 23 3 2 3 43 62 22 27 0 0 0 25 42 45 18 5 0 1 9 29 10 0 13 31 5 2 
Nearest neighbor : 1581 16 5 8 13 7 33 89 30 15 1 0 0 6 120 89 39 41 0 0 0 12 38 58 78 65 0 0 1 4 3 0 43 22 26 69 83 60 20 4 6 35 4 5 32 80 120 32 25 120 24 2 0 0 6 6 54 94 39 3 1 5 1 3 17 5 17 14 84 73 17 1 1 18 10 93 120 78 11 2 10 120 65 80 22 0 0 0 46 88 60 8 34 30 1 1 9 4 3 5 35 41 20 10 13 36 11 94 96 2 5 9 45 38 46 120 52 0 0 0 1 47 25 9 29 10 0 1 
distanceLSH : 367.83
Query number 12: 50 43 9 1 0 1 10 33 19 40 118 23 0 11 65 16 17 54 112 23 6 4 23 16 1 6 41 52 14 4 0 1 118 42 4 0 1 0 0 39 118 50 112 16 1 3 10 29 1 16 93 53 76 15 15 1 3 2 8 21 106 27 3 12 118 22 0 0 0 0 1 79 118 10 3 6 7 30 84 113 2 0 1 12 54 62 118 25 3 0 0 17 110 29 27 17 49 8 1 0 0 0 1 34 81 12 6 10 18 29 83 76 25 2 2 12 61 58 77 26 38 12 0 17 13 1 9 
Nearest neighbor : 2222 50 21 14 3 1 5 6 29 32 56 75 30 0 0 2 20 15 55 101 34 1 0 0 4 0 1 57 84 1 0 0 0 112 55 17 3 3 10 6 48 112 77 112 13 1 0 5 26 2 29 76 60 16 2 5 1 0 0 16 68 19 4 3 3 108 62 112 23 1 0 7 45 105 14 18 23 11 12 90 112 1 0 5 22 15 29 112 60 0 0 4 44 40 12 22 22 10 3 13 12 3 7 48 90 1 0 7 42 45 14 82 100 1 0 2 41 24 11 112 103 2 0 0 5 5 2 73 
distanceLSH : 298.941
Query number 13: 1 1 6 4 46 103 10 4 40 21 7 0 2 17 64 73 68 21 0 0 0 18 118 64 58 8 0 5 12 18 17 48 0 5 38 41 68 43 2 0 8 12 38 6 23 118 66 19 118 22 5 0 0 10 75 118 81 12 1 2 14 29 27 46 2 13 49 53 103 43 2 0 2 76 118 25 48 85 7 1 81 118 118 5 0 2 7 38 57 80 10 2 4 2 4 28 23 20 45 16 21 5 9 11 2 28 118 31 1 3 9 1 2 81 83 9 9 18 16 4 8 26 10 1 5 8 15 
Nearest neighbor : 393 26 26 22 6 0 2 12 19 110 9 5 11 25 39 21 58 26 2 3 6 37 57 46 61 71 7 18 23 7 0 1 54 10 5 9 3 4 28 81 32 27 12 15 1 2 122 122 62 115 48 7 0 2 86 109 69 122 28 0 6 28 7 1 56 3 18 109 27 12 12 5 3 0 40 122 35 14 29 27 1 122 102 55 1 2 5 10 8 122 44 0 0 11 99 53 17 3 7 20 2 1 1 52 12 0 1 15 35 32 10 51 15 43 17 9 11 10 11 18 22 21 8 0 11 12 90 47 
distanceLSH : 387.32
Query number 14: 9 1 0 2 39 29 11 15 12 3 0 1 21 79 85 31 17 21 9 23 26 20 17 35 2 0 0 16 20 0 25 29 32 0 0 6 78 50 9 30 8 3 6 23 109 108 88 37 116 19 4 18 17 6 38 116 15 2 0 55 69 0 7 14 90 23 9 27 38 8 6 60 10 21 115 116 69 5 1 2 116 116 70 17 1 0 0 9 23 20 27 77 24 0 0 0 31 71 81 18 0 0 0 1 5 35 116 68 0 0 0 0 7 116 116 18 1 0 1 0 1 40 54 54 17 0 0 
Nearest neighbor : 950 8 2 2 2 30 42 6 3 41 2 2 0 14 62 110 110 18 0 1 0 13 95 110 110 13 1 0 0 25 86 34 35 1 0 1 7 50 61 17 4 13 0 3 11 110 87 36 60 104 29 4 7 6 20 104 99 60 76 33 31 26 10 9 14 9 4 15 53 47 8 1 0 2 13 89 69 98 11 3 4 110 110 53 7 0 0 8 31 63 68 34 6 1 2 3 14 9 2 7 18 5 10 26 22 3 8 99 65 4 1 17 54 34 77 96 16 0 0 3 18 30 21 20 5 3 12 3 
distanceLSH : 332.967
Query number 15: 12 6 1 14 57 18 7 13 120 19 0 10 47 7 5 25 62 15 20 30 32 12 0 14 9 33 10 8 24 21 0 1 33 55 33 38 41 53 25 9 118 120 37 32 37 13 9 18 69 27 13 7 31 41 7 8 11 8 6 8 63 61 7 3 93 10 2 0 12 120 69 65 120 29 4 0 6 23 120 120 16 6 2 0 10 120 120 46 25 19 13 6 29 40 64 72 39 2 1 0 6 37 4 36 63 27 10 2 0 16 73 73 16 28 51 32 10 67 60 17 86 18 4 1 5 4 8 
Nearest neighbor : 7136 8 15 2 3 8 6 12 4 121 95 20 0 0 0 2 29 69 19 10 52 77 22 17 19 36 11 1 33 55 7 6 8 116 38 0 1 2 5 14 26 133 133 61 6 0 11 26 41 4 29 47 133 78 54 53 3 6 1 0 60 109 28 39 12 79 3 2 0 0 0 5 71 83 11 0 0 0 36 133 133 5 2 0 7 21 91 133 29 3 3 5 34 82 42 36 5 2 1 8 10 1 0 1 6 0 0 0 2 0 1 50 27 58 7 0 0 0 1 36 35 31 14 15 14 2 0 3 
distanceLSH : 359.317
Query number 16: 15 17 36 40 0 0 4 11 14 116 65 6 4 3 8 9 57 45 89 47 1 0 2 25 25 0 2 18 39 57 8 30 61 78 51 37 2 0 3 24 48 116 116 17 0 0 0 1 4 27 116 116 24 0 1 1 0 4 24 116 93 22 5 3 116 46 6 11 12 10 10 73 114 39 24 10 5 20 58 71 0 9 30 55 27 50 74 1 0 16 42 116 61 18 4 0 40 20 2 0 0 5 6 54 99 15 4 8 5 4 12 107 13 77 49 13 5 8 19 5 5 37 41 47 8 6 15 
Nearest neighbor : 2351 6 13 6 4 12 1 0 0 16 47 71 5 2 1 0 0 17 38 98 6 6 1 1 1 2 3 46 51 28 1 1 0 75 40 3 1 8 6 2 13 132 132 132 5 0 0 0 10 9 56 132 99 1 0 0 1 0 1 72 132 13 0 0 0 115 9 2 4 2 0 0 29 132 24 2 1 0 0 11 118 20 5 13 48 5 4 43 79 0 0 8 132 16 0 2 8 59 7 6 13 0 0 0 6 115 9 1 4 4 3 24 62 23 1 1 4 5 4 71 132 18 0 0 10 6 4 4 
distanceLSH : 326.342
Query number 17: 18 38 20 5 14 8 15 7 24 26 5 1 6 49 81 30 41 12 4 3 2 40 83 24 62 38 5 8 3 3 11 19 0 11 19 40 39 110 19 4 20 26 18 14 26 117 84 26 117 49 3 0 0 28 103 90 117 76 12 11 4 29 22 109 2 13 26 39 56 95 20 3 10 65 117 37 11 46 4 1 73 50 78 46 7 0 4 46 117 9 15 7 8 27 15 108 16 25 20 18 10 8 1 8 12 42 101 14 3 4 26 12 23 42 105 61 7 6 12 11 36 19 48 18 9 11 4 
Nearest neighbor : 2078 76 14 1 0 1 6 2 47 42 14 1 3 27 80 21 26 13 11 5 3 13 20 32 97 12 32 3 0 6 17 3 6 75 57 29 44 11 26 2 13 28 7 3 4 32 100 43 25 132 61 12 5 6 16 17 62 42 53 28 30 59 7 0 6 26 16 54 132 62 16 4 39 11 13 116 81 46 38 23 2 132 44 61 11 2 2 5 44 114 22 47 62 30 0 0 15 60 2 9 31 25 13 7 36 38 48 132 51 10 6 9 34 63 71 132 42 0 0 5 19 50 42 47 19 2 1 1 
distanceLSH : 359.181
Query number 18: 1 21 20 28 21 24 25 6 2 54 40 2 18 119 64 10 8 13 13 6 4 32 119 119 8 14 8 1 0 38 77 28 1 2 0 8 29 103 96 37 1 3 13 22 34 119 91 11 71 23 12 3 7 39 65 119 110 45 11 9 13 30 64 46 11 7 25 46 42 15 21 44 8 16 70 115 43 14 4 6 70 119 48 15 5 2 5 12 119 34 10 29 13 6 12 31 2 20 76 44 5 1 0 0 4 35 65 105 24 2 1 0 11 55 30 23 25 10 5 2 37 2 0 1 10 6 12 
Nearest neighbor : 4374 66 39 23 3 27 6 2 5 24 3 5 1 114 75 15 34 39 2 2 43 54 24 18 100 45 33 13 20 13 3 9 34 12 9 9 3 30 64 65 20 19 0 0 17 114 114 21 15 71 4 2 19 16 7 47 114 99 27 13 24 13 1 24 104 24 10 15 52 36 16 18 13 6 14 44 96 52 12 2 0 19 47 99 33 3 1 6 9 114 95 26 5 1 0 3 54 2 6 22 67 13 1 0 0 46 111 100 34 9 0 2 4 8 37 114 114 1 1 8 5 47 7 43 64 0 0 0 
distanceLSH : 362.673
Query number 19: 16 15 5 6 16 22 5 3 6 12 50 62 35 5 0 1 7 11 43 42 54 19 4 0 41 5 2 7 36 31 42 33 64 35 1 3 14 22 11 39 62 38 43 58 10 3 15 23 0 2 46 113 113 12 7 1 59 17 12 32 113 7 2 26 59 17 1 4 8 42 78 65 52 5 1 1 6 78 113 97 2 0 0 17 113 113 113 26 40 33 30 16 70 51 5 18 19 0 1 0 2 24 29 53 9 7 12 1 9 100 113 45 20 51 21 5 12 93 103 6 92 105 8 4 1 16 5 
Nearest neighbor : 1586 17 96 47 25 1 0 0 1 11 54 90 113 3 1 5 7 14 113 72 15 25 12 10 8 35 20 6 5 23 11 25 51 90 21 6 4 2 8 39 45 54 88 34 40 12 12 31 17 9 68 39 37 95 107 5 0 6 6 9 27 62 92 30 26 49 14 9 4 6 34 93 58 113 16 1 7 5 12 71 113 12 4 2 53 113 113 58 31 7 19 6 7 58 80 9 4 13 6 12 11 24 19 7 12 31 3 0 0 0 17 82 76 12 24 2 0 13 77 104 15 6 32 8 0 19 42 1 
distanceLSH : 340.29
Query number 20: 3 0 0 0 24 67 30 31 1 0 2 8 42 68 103 77 10 2 1 9 22 17 89 71 21 3 3 0 0 0 8 39 0 0 0 46 68 71 46 31 6 4 0 10 77 113 76 30 113 20 0 5 25 29 109 113 108 12 3 8 17 10 11 59 33 8 11 113 71 6 4 10 16 38 38 113 51 8 5 2 113 112 31 75 20 1 0 2 95 60 0 23 33 11 5 4 17 4 3 65 20 0 2 5 8 16 34 93 49 2 1 10 56 49 56 39 2 17 13 21 25 14 0 2 43 16 19 
Nearest neighbor : 2907 11 27 37 12 37 37 12 2 25 18 7 6 25 73 102 48 27 8 2 9 21 112 112 39 48 39 9 8 13 15 8 11 15 2 1 37 102 59 46 31 4 2 1 52 112 75 54 33 112 60 16 10 19 36 30 45 112 63 26 7 1 8 16 70 74 6 3 61 52 5 8 49 24 12 112 112 62 2 0 5 112 66 104 51 6 0 0 16 46 18 27 8 22 15 36 43 104 11 2 12 27 9 0 14 47 9 53 50 45 16 6 2 20 13 58 35 20 24 21 18 6 8 9 8 39 31 7 
distanceLSH : 303.129
Query number 21: 15 13 11 15 1 0 2 22 9 50 106 19 0 0 5 4 5 19 85 75 0 0 3 13 71 56 9 8 0 0 0 10 100 46 17 4 0 0 9 32 127 127 127 9 0 0 0 1 4 23 127 127 0 0 0 0 44 75 105 59 0 0 0 4 127 34 14 12 0 0 0 71 127 55 10 1 0 0 0 46 24 5 76 25 0 0 3 32 1 5 80 61 0 0 1 6 61 6 20 22 1 0 0 38 127 4 5 0 0 0 0 127 11 0 0 0 0 0 11 59 0 0 3 4 0 0 7 
Nearest neighbor : 6975 11 9 3 2 18 8 14 34 22 98 67 45 12 4 1 1 1 17 66 126 0 0 0 1 9 54 38 2 0 0 0 0 84 52 9 0 0 0 2 30 126 126 29 27 0 0 0 17 6 31 126 126 0 0 0 0 3 113 126 29 0 0 0 0 62 42 61 33 0 0 0 54 126 38 8 20 0 0 0 126 20 3 22 31 0 0 0 7 0 6 32 11 0 0 0 0 3 56 88 104 0 0 0 1 126 41 75 96 0 0 0 41 43 5 3 6 6 2 1 5 0 0 0 2 7 3 0 
distanceLSH : 313.263
Query number 22: 6 7 0 0 0 0 0 0 14 102 41 0 0 0 0 0 7 45 84 52 1 0 0 1 3 23 6 20 1 0 1 2 64 11 0 1 1 0 0 3 135 135 50 5 0 0 0 19 22 57 90 135 49 2 0 6 37 94 15 101 24 0 0 8 61 1 0 2 2 1 0 10 135 4 0 0 0 1 29 135 26 1 0 42 35 102 135 60 17 8 1 41 28 78 81 28 7 0 3 2 1 4 2 12 27 4 3 0 0 3 55 118 1 5 5 0 0 65 135 23 0 5 3 0 0 27 53 
Nearest neighbor : 6507 28 5 2 32 23 0 0 28 104 25 37 51 0 0 0 50 55 18 27 55 24 1 0 29 2 0 1 18 115 2 0 3 54 34 4 32 68 3 2 10 124 124 33 14 0 0 1 17 10 23 77 124 30 8 5 9 1 0 2 66 124 11 1 1 56 5 0 12 44 8 2 31 124 23 4 2 1 4 115 124 2 3 8 34 21 74 124 17 0 0 0 61 96 46 80 4 1 0 0 0 20 15 9 9 0 0 0 0 11 15 91 42 0 0 0 0 2 41 124 3 0 0 0 0 0 15 82 
distanceLSH : 325.069
Query number 23: 20 22 2 0 4 4 1 0 24 71 108 50 1 0 0 0 6 37 96 74 5 3 0 2 4 15 17 16 29 26 2 2 102 32 17 12 0 0 0 13 120 75 53 43 0 0 1 56 4 5 117 120 112 36 2 1 1 1 3 50 120 30 0 0 46 4 21 97 57 12 1 29 120 3 0 2 6 29 113 120 5 1 0 0 74 120 120 10 0 0 0 7 66 62 5 0 3 1 1 7 44 67 13 7 1 2 2 2 6 17 70 26 3 2 0 1 0 29 71 6 1 0 0 0 2 8 5 
Nearest neighbor : 1755 18 18 18 12 0 0 0 2 6 92 111 16 1 0 0 0 1 27 102 92 24 0 0 0 0 6 13 44 20 2 0 0 67 31 26 18 12 0 4 25 111 99 35 3 16 16 4 22 1 11 22 56 111 74 1 0 0 4 16 50 45 15 1 0 46 5 34 90 111 24 11 27 111 0 0 3 28 31 89 111 0 0 0 0 107 111 42 5 40 31 3 1 31 37 5 5 0 0 0 6 111 111 18 8 11 0 0 4 13 25 111 111 12 2 0 0 7 31 81 54 63 32 0 0 6 9 3 
distanceLSH : 266.051
Query number 24: 1 9 11 6 0 0 0 0 3 43 90 4 0 0 2 9 24 8 108 20 0 0 27 71 2 0 19 18 0 0 101 61 71 37 7 8 4 0 0 2 133 133 133 9 0 0 0 11 1 11 133 102 0 0 0 0 0 0 78 133 16 0 7 3 89 5 1 5 3 0 0 10 133 5 1 1 0 1 0 65 12 0 11 17 2 18 25 4 0 0 5 61 82 42 17 0 43 4 1 3 0 0 0 1 133 5 0 0 2 39 5 23 10 0 0 0 3 133 97 10 0 0 0 0 8 79 70 
Nearest neighbor : 5883 14 19 11 0 0 0 0 5 6 46 94 10 1 0 0 0 0 26 139 45 2 0 0 0 0 0 69 47 0 0 0 0 139 51 22 0 0 0 0 41 95 122 139 1 0 0 0 39 0 58 139 50 0 0 0 0 0 1 139 139 0 0 0 0 139 3 0 0 0 0 0 62 139 7 9 1 0 0 0 107 9 2 17 13 0 0 0 0 6 15 23 13 0 0 0 0 84 37 0 0 0 0 0 2 139 58 0 0 0 0 0 9 13 1 3 4 0 0 1 3 7 3 2 2 0 1 0 
distanceLSH : 330.893
Query number 25: 7 9 1 4 5 0 1 3 38 117 60 2 0 0 1 11 60 109 59 32 1 1 6 26 12 22 7 69 46 20 14 21 72 41 6 25 24 0 0 4 130 130 71 7 0 0 0 45 8 32 85 130 15 3 6 12 0 8 21 78 80 28 11 9 47 11 6 11 10 4 2 14 130 5 0 0 0 9 109 130 10 0 0 22 18 56 130 25 9 8 12 39 36 25 88 19 2 0 0 0 11 18 11 8 12 0 0 0 0 7 101 57 10 0 0 0 0 10 119 32 89 19 3 0 0 0 32 
Nearest neighbor : 2870 6 27 49 6 0 0 1 5 80 121 74 6 0 0 0 2 121 86 60 31 2 2 12 19 0 0 15 121 56 5 7 1 57 22 20 6 3 0 0 20 121 121 25 2 1 13 7 39 26 22 17 7 7 66 55 38 5 0 0 41 66 15 27 34 58 0 0 1 3 5 5 30 121 0 0 0 3 20 58 121 9 0 0 0 13 53 104 51 6 0 0 2 21 17 52 49 32 2 0 0 4 4 1 8 9 0 0 0 40 75 116 41 0 0 0 0 6 24 121 121 0 0 0 0 9 15 71 
distanceLSH : 299.069
Query number 26: 0 1 31 38 6 2 0 0 0 33 93 5 2 3 0 0 0 29 110 47 23 2 0 0 2 3 3 22 27 2 0 0 11 11 48 28 8 31 32 85 26 88 120 1 0 0 0 66 1 40 82 58 120 17 0 0 2 47 20 28 120 5 0 0 33 7 2 0 0 12 10 71 120 7 0 0 3 2 1 120 20 2 0 1 120 80 0 6 102 120 20 3 87 23 0 0 23 5 0 0 0 0 0 13 98 5 0 0 0 18 29 91 25 7 2 0 60 120 30 12 120 37 0 0 14 17 0 
Nearest neighbor : 9590 96 13 0 0 0 0 0 8 56 12 36 48 110 39 1 3 1 23 120 48 48 37 11 1 5 43 80 12 0 0 2 1 120 18 0 0 0 0 0 12 120 50 93 29 12 1 0 7 1 18 120 75 43 31 0 0 0 10 82 52 21 15 1 0 120 9 0 0 0 0 0 43 120 4 0 0 6 14 2 90 3 0 0 2 89 116 6 5 0 0 0 1 16 49 49 5 45 0 0 0 0 0 4 46 120 0 0 0 1 37 36 69 2 0 0 1 41 120 39 4 0 0 0 0 12 107 58 
distanceLSH : 427.555
Query number 27: 52 33 2 0 0 0 0 1 56 81 115 56 0 0 0 2 43 97 66 56 0 0 0 4 39 52 4 2 4 7 5 12 136 8 0 0 0 0 0 20 137 38 37 58 0 1 5 55 21 13 89 137 19 9 18 10 19 2 6 22 22 20 36 37 93 9 0 0 0 0 0 12 137 1 1 1 0 18 121 137 3 0 4 22 21 76 137 11 0 0 0 9 30 118 79 20 17 7 0 0 0 0 0 6 17 0 0 0 0 12 64 38 3 0 0 0 0 24 101 4 1 3 6 1 2 23 22 
Nearest neighbor : 8928 127 32 0 0 0 0 0 1 68 68 15 28 15 1 0 0 32 23 13 45 20 3 14 16 23 16 7 8 1 23 106 24 127 27 0 0 0 0 0 16 127 54 38 17 12 4 13 38 5 40 127 62 16 45 67 7 0 0 70 76 32 75 44 0 127 0 0 0 0 0 1 83 75 7 5 0 0 55 127 127 8 15 27 6 2 127 127 9 19 8 9 4 11 81 70 22 44 0 0 0 0 0 2 43 20 2 0 0 0 17 52 62 6 13 17 3 2 28 57 9 3 0 5 2 4 13 31 
distanceLSH : 298.143
Query number 28: 0 17 17 11 30 1 0 0 0 74 124 2 3 0 0 0 0 22 124 20 0 0 0 0 0 5 42 37 2 0 0 0 51 78 26 10 5 0 0 8 108 124 124 4 0 0 0 30 7 13 124 93 103 8 0 2 6 38 73 63 67 3 0 0 56 6 1 0 0 2 5 35 124 2 0 0 0 3 9 124 21 2 1 5 124 70 13 31 60 42 5 3 61 16 0 0 12 7 0 0 0 20 30 18 124 52 0 0 1 4 14 96 38 8 0 0 77 76 7 15 58 6 0 0 15 13 1 
Nearest neighbor : 3007 4 71 49 2 0 0 0 0 1 14 120 29 4 4 0 0 0 23 120 40 10 8 0 0 1 25 35 19 15 0 0 0 72 98 49 2 0 0 0 51 17 41 120 12 4 1 0 8 0 7 120 93 83 2 0 0 1 10 23 70 82 0 0 0 111 4 0 0 0 2 3 120 98 11 9 1 13 25 1 56 0 1 2 11 119 85 0 0 8 106 5 14 74 32 0 0 86 1 0 0 5 8 6 56 92 0 0 0 4 44 5 69 11 40 1 0 39 117 0 0 25 120 3 0 8 12 0 
distanceLSH : 304.747
Query number 29: 19 14 14 5 1 0 0 0 50 39 98 101 0 0 0 2 44 11 86 116 0 0 0 40 51 14 18 0 0 2 10 71 57 3 0 0 1 0 0 4 134 35 34 46 0 0 0 14 22 16 134 134 9 19 2 0 20 17 94 21 20 38 5 8 54 2 0 0 2 0 0 8 134 15 0 0 0 25 52 68 21 1 7 9 8 134 134 12 0 0 1 2 11 96 80 18 7 0 0 0 3 6 5 9 18 0 0 0 0 40 111 54 0 0 0 0 0 101 113 4 0 0 0 0 0 8 50 
Nearest neighbor : 5729 25 45 19 0 0 0 0 0 11 47 127 58 0 0 0 0 0 0 64 86 4 0 0 0 0 1 4 9 1 0 0 0 127 27 4 0 0 0 0 43 127 43 92 55 0 0 8 76 0 0 121 127 82 63 6 3 0 0 6 46 87 32 0 0 127 4 0 0 0 0 0 20 127 4 0 0 0 63 120 83 0 0 0 4 47 127 127 11 0 0 0 0 43 70 0 0 41 2 0 0 0 3 11 11 15 0 0 0 0 90 53 10 0 0 0 0 1 64 22 0 0 0 0 0 1 7 0 
distanceLSH : 315.663
Query number 30: 52 15 18 10 0 1 0 10 15 19 134 73 1 0 0 1 1 25 134 10 0 0 0 0 0 11 130 23 0 0 0 0 134 16 10 4 1 0 0 69 134 40 134 32 0 0 0 104 1 19 134 9 0 0 0 3 0 11 134 71 22 0 1 0 102 64 6 9 0 0 0 16 134 62 0 0 0 0 0 76 11 0 1 0 0 0 2 30 0 0 0 15 64 3 1 1 89 19 1 32 4 0 0 10 134 30 7 9 0 0 0 36 5 1 8 14 0 0 4 58 2 0 0 7 14 0 2 
Nearest neighbor : 8266 16 17 43 60 13 9 11 18 24 35 149 62 0 0 0 3 0 35 149 47 0 0 0 0 0 110 135 0 0 0 0 0 105 6 4 21 12 14 35 58 149 30 71 13 0 0 0 50 12 19 149 27 0 0 0 0 11 61 78 1 0 0 0 1 97 2 11 114 23 0 0 14 149 2 1 3 1 0 0 59 36 7 3 1 0 0 0 3 11 3 2 1 0 0 0 2 33 1 3 81 67 0 0 5 149 4 1 9 9 0 0 29 45 2 1 2 0 0 0 3 2 0 1 2 0 0 0 
distanceLSH : 285.302
Query number 31: 24 58 106 19 2 2 5 6 2 39 125 63 2 1 4 1 2 43 111 118 69 0 0 0 10 1 0 26 39 0 0 6 57 18 9 6 2 10 72 100 79 52 34 17 2 8 41 39 30 29 18 75 125 49 9 2 28 26 7 27 125 11 0 6 87 11 0 0 0 0 38 58 81 33 0 0 0 60 125 66 8 7 0 2 84 125 125 0 74 7 0 2 71 42 0 31 8 0 0 0 0 1 41 18 2 2 0 0 0 20 97 14 2 4 1 6 11 26 31 1 15 0 0 10 20 2 0 
Nearest neighbor : 1735 18 44 86 7 0 0 0 4 8 62 118 14 0 0 0 0 17 21 65 72 9 1 0 8 3 2 3 37 108 4 0 3 118 81 50 0 1 9 24 28 40 32 110 17 5 5 23 20 6 6 35 118 118 7 8 9 4 7 6 91 118 5 0 0 79 30 7 0 1 47 30 53 118 3 2 0 9 42 27 76 1 0 0 16 83 118 53 7 3 2 8 49 45 22 9 10 16 3 0 0 3 40 11 16 41 0 0 0 5 98 59 91 3 0 0 0 4 118 83 29 6 0 0 1 0 4 21 
distanceLSH : 340.332
Query number 32: 41 19 6 51 35 1 2 7 0 7 46 73 32 0 0 0 2 11 111 17 2 0 0 0 68 41 40 4 0 8 4 2 63 13 3 11 19 9 90 95 51 81 110 26 18 3 15 17 1 31 117 10 16 75 10 0 8 26 55 5 2 117 36 0 97 9 0 0 4 8 36 68 100 17 0 0 7 13 91 117 9 1 0 0 101 117 17 11 0 0 0 0 13 117 21 1 3 0 0 0 0 0 19 19 117 0 0 0 11 9 42 99 28 0 0 0 117 106 9 23 1 0 0 0 9 30 2 
Nearest neighbor : 2789 1 8 20 49 62 33 3 0 0 10 130 18 13 27 18 29 5 20 130 9 0 1 78 65 22 29 31 3 1 1 17 30 59 20 14 15 53 130 34 43 130 85 130 8 0 1 3 27 7 28 130 30 4 17 20 1 7 28 88 45 21 14 4 0 130 23 0 33 73 36 4 52 130 37 0 0 4 12 7 103 11 4 4 2 31 79 47 8 5 5 2 9 21 35 15 2 35 34 7 12 39 12 0 27 111 39 1 0 0 3 18 103 14 20 15 2 15 13 16 23 4 20 24 9 8 2 0 
distanceLSH : 372.969
Query number 33: 1 16 1 0 0 0 0 0 0 77 50 0 0 0 0 0 0 51 93 39 7 0 0 0 1 21 23 29 5 0 0 0 72 103 4 0 0 0 0 2 33 119 119 17 2 0 2 6 8 70 61 42 111 36 0 0 38 83 51 49 32 11 0 0 117 27 0 0 0 0 17 69 82 24 20 12 17 29 52 119 44 8 11 9 119 119 11 20 119 40 12 31 22 6 1 25 8 0 0 0 0 0 8 27 46 0 0 0 4 45 47 116 28 0 0 0 14 119 37 37 119 0 0 2 2 0 3 
Nearest neighbor : 8216 22 10 8 1 1 0 2 32 4 34 58 15 1 1 18 27 3 13 97 55 14 5 17 11 5 1 18 33 6 0 15 36 119 56 8 1 0 0 0 28 85 119 119 4 2 2 0 2 0 25 119 86 91 13 0 0 3 2 16 74 111 14 0 7 119 26 40 15 0 0 2 50 119 21 3 1 3 22 73 119 0 1 2 14 67 119 48 8 1 0 1 47 84 52 6 0 10 3 27 25 1 0 3 17 3 0 5 50 12 12 106 85 0 0 0 7 5 69 119 33 0 0 0 1 6 25 33 
distanceLSH : 340.181
Query number 34: 19 0 0 0 14 30 54 72 2 0 0 0 0 20 124 31 0 0 0 9 9 26 124 34 0 0 0 1 3 36 83 0 2 27 45 8 38 42 45 23 6 10 31 28 7 17 124 16 33 91 67 4 0 7 123 31 0 11 124 29 0 16 71 0 31 113 61 52 42 7 0 0 25 7 28 73 123 2 0 4 124 75 41 2 1 0 0 49 24 14 118 34 3 0 0 3 24 28 0 9 64 10 0 0 8 0 0 20 124 23 0 2 124 0 0 0 5 0 1 72 39 0 0 1 2 0 3 
Nearest neighbor : 3681 20 2 0 0 26 77 14 15 54 12 0 0 1 44 98 54 16 0 0 0 0 105 121 31 107 0 0 0 6 13 24 44 5 1 0 3 38 59 18 9 4 0 0 0 26 121 121 20 121 8 0 0 0 80 121 54 121 10 0 3 21 57 13 44 0 1 2 7 93 54 0 0 0 16 44 6 74 74 4 0 121 65 37 2 2 9 11 25 121 21 7 19 12 10 17 109 0 2 11 16 56 22 1 0 0 24 45 8 16 28 3 0 8 9 15 5 10 19 11 18 4 0 0 1 0 0 24 
distanceLSH : 482.223
Query number 35: 80 60 13 0 0 0 0 17 36 67 106 59 3 0 0 4 30 29 70 70 25 13 8 15 4 5 13 7 16 31 58 11 118 9 0 0 0 4 7 103 118 12 5 17 15 0 9 68 0 0 6 98 118 42 12 2 7 26 22 25 42 24 20 10 113 45 63 2 1 4 2 17 118 15 7 3 24 84 118 51 0 0 0 40 52 89 118 37 6 6 0 10 32 76 94 21 30 17 37 5 3 8 6 79 4 5 10 7 107 89 18 8 0 0 5 9 19 24 61 6 0 3 4 0 0 11 17 
Nearest neighbor : 3072 9 13 15 44 24 16 16 15 36 119 62 20 3 0 0 5 12 75 113 4 14 4 1 7 1 9 11 10 96 21 0 0 119 20 5 2 9 28 20 33 119 95 23 9 0 0 1 21 2 6 18 30 34 31 9 19 0 0 1 29 109 43 1 0 67 22 81 88 19 0 3 62 89 14 6 20 10 12 119 119 0 1 5 20 20 99 119 36 0 0 1 33 31 44 49 7 0 8 17 54 86 43 2 3 4 0 1 36 73 22 69 84 14 1 1 0 2 11 104 98 6 2 0 3 11 22 30 
distanceLSH : 378.872
Query number 36: 3 0 2 46 56 14 45 16 7 1 1 23 26 36 109 78 17 7 1 39 39 26 50 76 74 35 2 1 6 0 0 33 23 1 6 26 91 18 39 54 32 4 18 81 67 8 21 23 45 10 12 16 16 10 29 51 109 38 4 5 6 4 4 83 27 18 28 84 46 6 5 12 58 37 62 109 42 2 8 12 109 77 109 74 9 2 5 6 70 93 103 15 0 1 1 30 13 6 5 109 47 2 3 7 109 45 16 90 20 2 3 14 107 27 32 86 21 0 0 31 22 11 31 8 0 0 0 
Nearest neighbor : 1831 11 3 0 4 11 14 8 10 3 0 0 3 48 93 32 11 62 2 1 8 14 30 56 108 34 3 3 17 6 10 6 24 15 3 14 48 39 35 28 16 8 2 5 42 49 115 28 4 115 39 2 8 12 27 23 60 75 18 5 22 11 12 35 72 32 24 107 95 58 13 0 10 17 16 69 115 58 24 11 3 88 115 115 57 4 3 8 14 58 51 115 28 4 4 16 32 42 14 8 8 59 79 12 14 74 98 33 15 62 52 5 2 20 96 104 7 0 0 0 1 1 20 44 17 6 0 1 
distanceLSH : 358.907
Query number 37: 0 0 0 0 40 35 54 16 2 0 0 4 36 82 77 73 109 2 0 1 39 92 16 32 43 2 0 2 18 73 16 23 1 5 7 4 109 109 32 10 8 6 14 14 22 93 98 101 102 23 0 1 24 79 51 109 109 8 1 6 24 60 29 33 12 12 17 29 98 65 23 1 27 12 19 45 48 34 4 7 89 61 7 3 36 24 11 39 41 57 7 10 30 20 23 41 61 17 16 28 15 8 3 20 32 18 68 109 52 5 0 10 97 47 64 28 6 2 0 12 13 43 20 31 69 4 1 
Nearest neighbor : 2617 83 20 18 14 19 3 5 35 60 38 56 19 23 71 33 23 9 2 1 5 19 45 89 127 13 3 10 17 18 4 11 36 109 15 3 19 19 53 33 45 61 17 0 3 52 127 89 30 84 22 0 0 7 64 72 127 121 4 7 8 3 3 26 127 16 32 5 7 66 66 17 13 24 45 50 14 32 103 21 12 94 63 24 4 25 13 8 35 97 19 9 0 3 9 32 95 18 13 14 5 30 45 20 5 22 19 57 61 9 10 14 17 71 57 38 11 4 9 18 24 18 33 20 4 7 11 12 
distanceLSH : 378.917
Query number 38: 114 19 1 4 13 37 12 6 46 1 0 0 111 114 22 53 114 0 0 0 38 72 10 112 31 0 0 0 60 66 26 20 58 36 3 14 62 67 5 15 39 1 0 0 114 114 1 22 114 0 0 0 28 114 33 114 114 4 0 1 114 85 9 26 9 2 0 0 25 83 59 66 11 0 0 4 78 67 31 11 45 5 3 2 4 26 26 20 96 6 2 4 38 51 15 54 2 0 3 8 4 10 17 4 8 13 1 1 2 9 13 3 23 59 27 14 1 0 1 3 18 17 14 18 3 3 1 
Nearest neighbor : 9412 52 21 3 0 0 2 85 49 2 6 6 24 60 63 118 25 92 14 0 18 88 60 21 40 48 42 10 3 16 10 0 15 2 1 8 10 26 40 77 13 1 0 0 2 15 114 118 15 118 2 0 0 6 68 80 99 96 37 4 0 0 97 118 43 2 13 54 68 86 21 0 1 11 6 0 23 118 64 9 2 118 21 0 0 2 15 26 47 17 0 0 0 8 60 67 27 4 4 2 7 99 68 0 2 9 2 0 6 97 24 0 1 35 4 0 0 1 0 7 40 6 0 0 0 16 12 4 
distanceLSH : 432.863
Query number 39: 49 0 0 0 0 5 3 16 113 7 1 61 57 2 0 18 2 2 3 64 84 2 5 80 1 5 5 1 0 3 53 120 76 19 28 1 4 1 0 3 120 27 18 59 44 0 0 4 2 13 120 120 83 6 2 1 5 34 118 35 0 7 12 9 78 34 48 4 3 0 1 51 120 49 31 8 4 71 52 30 3 4 48 27 4 120 120 5 38 12 23 22 1 41 94 21 22 5 45 47 2 0 6 37 10 3 8 27 11 116 47 28 4 1 3 4 1 67 51 2 63 36 0 0 0 2 15 
Nearest neighbor : 2710 3 0 1 8 12 21 7 3 33 54 55 30 7 6 3 6 5 19 106 117 54 10 4 4 34 20 59 47 7 6 5 16 33 37 4 2 9 18 31 22 117 117 17 4 3 3 2 5 7 29 82 101 24 26 1 0 0 2 40 117 49 25 4 0 108 18 4 6 5 5 13 96 115 43 0 0 1 37 45 88 2 1 0 0 12 117 117 3 1 0 1 6 23 106 93 0 72 4 1 6 24 24 6 47 91 3 0 0 50 69 20 68 12 10 0 0 35 117 58 4 10 33 6 1 1 13 27 
distanceLSH : 383.531
Query number 40: 55 7 0 0 0 10 74 87 79 21 0 0 1 3 2 36 2 2 0 0 2 24 3 0 0 0 0 0 12 49 4 1 138 23 0 0 0 9 22 52 138 25 0 0 13 7 4 34 0 0 0 0 25 54 13 0 1 0 0 2 63 113 19 4 138 9 0 0 0 0 10 93 82 0 0 0 4 55 132 138 3 0 0 0 5 138 138 14 41 9 0 0 6 117 81 27 6 6 1 1 3 1 7 19 9 1 0 0 3 51 99 75 35 24 0 0 0 57 72 12 38 39 3 0 0 3 9 
Nearest neighbor : 4622 18 35 14 1 2 5 2 0 17 50 129 34 0 0 0 0 0 3 106 97 0 0 0 0 0 0 8 31 4 0 0 0 121 22 0 0 0 0 0 12 129 51 75 30 0 0 0 22 3 1 103 129 44 10 2 0 0 0 17 129 56 5 0 0 113 0 0 0 0 0 0 16 129 0 0 0 0 44 36 50 4 0 1 11 37 129 104 5 2 0 6 59 37 55 23 41 48 1 1 1 0 0 1 10 71 0 0 0 0 112 62 31 0 0 0 0 0 124 78 2 0 0 0 1 1 11 25 
distanceLSH : 445.852
Query number 41: 49 15 18 4 0 0 4 14 97 51 95 63 0 4 17 32 104 56 78 39 0 0 3 24 29 13 22 4 0 0 0 7 114 40 28 60 5 0 0 17 114 87 97 53 0 0 0 27 47 44 91 27 16 1 0 5 5 3 10 12 5 0 0 0 69 41 14 99 50 8 33 58 109 47 3 9 3 5 90 114 10 2 2 4 19 16 103 68 0 0 3 7 8 1 5 16 13 0 1 15 24 5 20 63 44 2 2 14 28 5 78 103 32 1 2 14 51 9 89 114 15 0 0 3 5 1 15 
Nearest neighbor : 5412 67 24 33 14 0 0 0 18 81 33 125 125 0 0 0 18 73 69 108 55 0 0 0 2 31 35 65 29 0 0 0 5 100 47 23 86 76 4 1 54 125 73 66 65 5 4 11 99 10 19 107 83 19 12 8 5 10 11 27 21 4 0 1 3 37 5 30 125 84 1 4 53 83 7 13 38 17 4 31 125 16 1 0 3 8 16 42 67 14 5 5 17 1 0 2 15 0 0 2 53 41 2 5 1 81 7 18 75 55 0 0 57 65 22 12 4 0 0 1 39 19 1 4 4 1 0 1 
distanceLSH : 309.726
Query number 42: 1 0 0 7 16 32 38 17 1 0 9 43 8 53 121 19 14 5 14 76 11 20 98 40 32 17 12 7 2 0 1 18 0 0 0 0 8 140 140 20 4 0 0 0 0 105 140 34 140 21 4 1 1 21 118 99 74 30 18 8 2 0 1 10 0 1 53 34 13 44 24 3 17 27 17 8 2 1 17 15 140 50 11 0 0 0 11 118 79 6 0 2 4 2 17 98 0 0 22 17 24 38 3 0 32 21 41 6 3 2 0 10 93 71 15 0 0 0 0 26 102 32 0 0 0 0 0 
Nearest neighbor : 8427 37 18 0 0 5 39 83 41 5 6 0 0 27 119 119 24 24 13 0 0 14 67 71 30 48 53 3 0 2 3 0 4 6 2 13 6 5 95 119 53 16 4 19 17 11 89 119 87 119 17 2 1 0 4 18 119 112 27 0 0 0 0 0 33 18 5 16 7 8 6 22 26 32 24 21 27 13 21 39 20 119 90 5 2 1 1 2 60 115 40 2 0 0 0 3 27 7 3 6 6 9 15 50 18 29 42 7 13 3 3 59 81 87 119 7 0 0 5 35 89 26 48 4 0 7 18 42 
distanceLSH : 305.31
Query number 43: 0 3 0 0 0 11 20 3 101 48 5 12 4 4 6 11 24 14 5 122 74 0 0 0 0 0 0 38 25 0 0 0 67 49 2 0 0 2 23 39 90 122 21 5 3 2 9 10 15 21 11 113 122 40 3 0 0 0 3 102 95 10 0 0 102 10 0 1 0 0 16 100 61 30 2 1 2 12 122 122 24 18 5 5 46 122 122 30 19 32 69 99 23 18 0 2 3 1 2 1 3 0 9 16 11 0 0 0 1 1 85 46 87 8 0 0 0 3 42 85 56 14 18 17 0 0 18 
Nearest neighbor : 9748 0 3 5 0 2 26 31 1 67 76 22 16 3 27 28 5 38 37 40 96 18 1 7 17 22 7 17 12 8 24 27 24 70 109 29 1 5 16 5 1 68 133 133 14 0 0 0 3 11 58 133 133 9 0 0 1 6 5 41 133 42 4 2 2 133 38 6 15 1 1 3 45 133 46 11 1 0 0 2 54 13 7 24 62 4 3 16 21 1 0 36 133 9 0 0 1 68 2 27 59 6 0 0 43 85 4 15 6 0 1 22 133 33 8 3 1 0 1 15 49 2 2 4 20 4 0 0 
distanceLSH : 415.596
Query number 44: 19 17 25 11 12 12 0 14 35 15 57 94 15 3 12 17 10 21 86 20 23 36 33 6 0 16 83 29 18 4 0 0 55 18 9 9 80 56 3 40 119 37 100 52 7 3 5 64 3 29 119 36 2 38 23 3 0 20 106 75 13 29 68 1 61 58 8 0 17 55 23 12 119 32 4 0 1 11 56 70 4 1 4 38 74 119 57 26 2 4 4 10 50 95 119 8 39 31 0 0 0 19 26 10 46 18 0 0 0 25 119 54 28 11 0 22 61 79 35 81 7 4 4 7 56 48 6 
Nearest neighbor : 6456 22 31 16 22 57 3 3 2 12 63 118 15 4 0 0 0 0 7 118 55 0 0 1 0 0 8 87 12 0 0 0 0 118 28 1 1 35 24 16 22 118 100 100 18 4 2 2 34 4 18 118 118 30 14 4 5 0 14 118 21 12 21 23 1 118 9 4 7 23 12 3 13 118 6 0 0 2 11 37 114 5 1 0 3 33 96 69 28 2 1 0 0 34 118 72 2 63 4 1 1 19 12 4 20 102 10 0 3 8 9 23 49 7 0 0 22 49 69 41 3 11 4 0 5 28 60 11 
distanceLSH : 300.93
Query number 45: 15 9 9 26 11 0 0 4 44 8 0 0 0 0 62 115 108 4 0 0 0 0 70 139 40 1 0 0 0 0 1 21 0 1 16 139 21 0 6 27 26 5 15 40 9 0 1 16 139 23 4 0 0 0 0 79 103 6 0 0 0 0 0 29 54 26 40 99 32 5 16 99 3 67 139 82 26 1 0 0 102 139 139 0 0 0 0 25 66 42 5 0 0 0 1 15 97 64 20 2 0 0 0 2 6 30 90 4 0 2 8 7 1 23 50 1 0 0 5 18 1 3 2 2 0 0 1 
Nearest neighbor : 1335 0 0 0 27 40 53 15 0 25 0 0 5 8 56 23 46 102 72 10 19 10 0 1 33 124 63 0 0 0 0 0 0 0 0 5 107 53 16 27 15 46 5 10 124 13 5 0 18 124 30 5 4 0 0 0 54 124 14 0 0 0 0 0 56 4 16 67 42 1 0 5 13 8 35 124 114 2 0 0 2 93 124 124 23 0 0 0 11 97 17 41 19 0 0 0 90 34 40 19 2 0 0 5 18 17 46 123 12 0 0 34 18 6 58 97 20 0 0 21 25 8 3 34 64 6 0 6 
distanceLSH : 322.45
Query number 46: 21 17 45 9 0 0 0 1 1 3 99 52 0 0 0 0 0 4 65 18 0 0 0 0 0 31 44 0 0 0 0 0 132 27 28 5 0 0 0 26 100 33 132 121 0 1 1 14 0 11 132 132 6 13 2 0 14 96 95 24 4 5 3 11 132 50 0 0 0 0 0 19 132 35 10 6 19 34 7 20 0 0 20 43 37 132 29 0 5 2 6 14 9 53 30 16 132 4 0 0 0 0 0 61 89 8 0 0 66 13 0 48 0 0 0 0 108 68 4 0 0 0 0 0 3 11 11 
Nearest neighbor : 5388 12 3 1 1 0 0 0 17 20 24 87 21 0 0 0 3 1 11 77 37 0 0 0 0 21 28 7 0 0 0 0 0 53 21 1 0 0 0 0 8 133 80 104 38 1 0 2 49 17 10 132 133 30 0 8 24 6 16 75 76 3 0 0 0 56 14 31 11 0 0 0 8 133 59 6 21 15 7 16 118 15 9 26 68 59 82 102 65 2 4 52 75 15 62 133 20 9 1 11 15 6 3 15 6 66 3 1 5 7 17 53 100 1 0 0 1 28 133 75 17 0 0 0 0 5 37 62 
distanceLSH : 367.392
Query number 47: 0 2 3 20 9 0 0 0 19 0 0 11 7 0 1 8 100 28 11 11 0 0 0 17 71 7 6 15 2 0 0 66 0 5 18 39 10 0 0 0 17 2 6 52 20 0 0 0 129 25 20 39 8 0 0 48 110 9 14 129 47 0 0 49 0 9 80 109 15 0 0 0 0 21 129 99 3 0 0 0 129 109 48 39 3 0 0 9 113 17 4 129 42 0 0 11 0 8 123 42 5 0 0 0 0 22 129 84 1 0 0 0 70 68 83 90 0 0 0 0 29 16 3 23 3 0 0 
Nearest neighbor : 2362 11 18 21 23 6 23 79 24 9 32 37 12 8 125 101 17 38 40 24 19 1 123 53 35 20 15 8 7 10 3 1 11 5 1 3 5 33 99 129 46 4 2 3 1 2 92 129 75 129 51 1 0 1 30 80 129 69 14 3 4 1 1 0 34 0 1 12 46 29 32 0 1 20 20 10 7 2 6 11 9 129 129 4 0 1 2 6 41 83 28 7 0 0 0 0 14 0 0 24 100 1 0 1 0 13 16 29 59 2 1 0 1 129 22 2 1 0 0 0 37 62 3 0 0 0 0 1 
distanceLSH : 520.295
Query number 48: 35 3 0 43 91 15 15 14 27 3 7 51 78 25 53 82 67 15 32 38 49 10 35 55 11 0 0 5 38 15 74 40 29 4 1 24 39 85 111 27 54 0 3 59 97 44 59 51 70 3 2 9 68 66 42 77 50 48 40 13 28 13 14 12 11 1 18 66 13 38 48 13 60 55 88 41 7 14 21 25 17 31 100 91 2 9 27 33 111 64 35 17 7 1 0 26 10 1 29 111 43 0 0 1 111 45 30 50 17 0 0 33 41 37 70 111 0 0 0 3 30 52 53 14 2 0 0 
Nearest neighbor : 4217 29 6 0 0 6 13 38 14 69 5 0 0 10 99 23 25 110 11 0 0 12 111 51 52 96 43 5 1 0 21 21 34 33 10 7 20 9 0 20 40 19 2 2 11 48 111 27 21 111 23 7 8 25 63 3 53 111 25 4 0 0 15 24 67 9 17 27 104 37 1 1 4 12 32 66 37 38 3 2 3 64 97 108 28 15 0 0 10 102 61 18 3 1 0 5 89 1 7 51 82 43 3 1 0 18 76 111 12 4 8 5 2 2 96 111 21 4 15 25 0 9 100 59 4 1 7 30 
distanceLSH : 412.815
Query number 49: 19 52 32 3 0 5 4 5 38 129 87 7 0 0 0 16 2 43 129 42 0 0 0 0 0 80 59 0 0 3 2 0 39 16 2 0 0 44 55 50 129 17 6 1 0 8 15 129 31 11 35 4 0 81 90 12 9 25 8 0 0 43 94 10 35 1 0 0 0 14 9 15 129 0 0 0 0 48 82 127 33 0 0 0 0 129 129 36 129 44 1 0 0 8 69 31 11 3 3 0 0 0 0 2 19 6 4 0 11 24 19 17 50 1 0 0 6 21 18 10 129 14 0 0 0 0 0 
Nearest neighbor : 1641 54 41 1 0 0 0 2 13 20 71 88 18 3 5 4 5 0 73 120 25 2 7 5 0 3 14 58 22 0 0 0 1 120 42 5 8 18 18 22 60 120 106 96 12 1 0 2 22 1 18 103 53 11 13 5 1 6 4 91 32 2 5 7 10 120 28 32 78 20 3 0 62 120 9 3 3 1 13 120 120 5 1 0 9 10 120 120 34 25 1 0 1 2 42 67 81 6 17 11 30 25 12 1 7 9 15 10 1 7 25 46 45 22 8 0 0 0 46 73 23 6 3 0 0 0 44 55 
distanceLSH : 392.987
Query number 50: 1 12 28 35 29 3 0 0 33 133 97 14 0 0 0 0 3 23 109 133 6 0 0 0 6 10 31 68 2 0 0 0 21 15 10 3 9 7 2 20 133 76 17 1 0 1 0 33 48 20 27 133 61 80 2 4 0 1 24 111 77 56 2 0 11 0 0 0 0 17 30 27 126 0 0 0 0 27 85 133 27 0 0 0 13 133 116 31 1 0 0 0 21 119 35 0 1 0 0 0 8 46 16 2 4 0 0 0 0 19 71 64 3 0 0 0 0 55 66 12 6 0 0 0 0 5 8 
Nearest neighbor : 2253 13 7 10 2 7 68 21 28 54 6 6 87 26 12 12 99 32 11 35 124 42 9 5 6 86 24 18 21 0 0 7 20 38 53 7 0 10 110 14 12 124 64 1 3 3 6 5 64 14 6 13 113 50 34 2 9 9 3 10 51 75 53 32 18 59 34 3 0 12 20 14 93 76 34 0 0 0 14 98 71 5 2 0 0 20 124 85 7 40 28 12 8 32 122 9 6 16 0 0 0 0 7 22 93 9 2 0 0 0 45 124 65 12 4 1 0 4 88 91 10 82 10 0 1 0 15 6 
distanceLSH : 364.092
Query number 51: 102 3 9 49 18 0 0 16 3 17 56 101 31 0 0 1 0 53 115 6 2 2 1 0 0 109 55 2 9 0 0 0 115 1 1 21 3 0 2 115 27 46 107 76 5 0 1 69 0 54 115 8 3 11 5 0 0 32 27 1 23 65 25 0 61 1 0 0 0 1 8 92 115 22 10 4 2 3 11 115 0 1 4 12 46 115 42 10 0 0 0 0 8 115 67 0 71 17 0 0 0 0 0 1 115 57 14 14 4 0 0 2 0 1 7 110 112 24 2 1 0 0 0 32 29 15 2 
Nearest neighbor : 7816 20 21 5 3 2 3 0 6 27 62 77 58 1 0 0 2 5 28 129 52 1 3 5 8 0 44 129 1 1 3 1 0 110 8 0 0 20 7 0 21 129 98 93 7 0 0 0 38 4 55 129 11 0 10 14 5 0 22 129 14 2 63 26 0 95 2 0 0 24 5 0 18 129 1 0 0 0 0 51 129 7 4 3 0 0 95 111 46 0 12 17 11 15 122 50 1 34 12 0 0 4 4 0 6 62 75 14 0 0 0 25 57 15 80 21 0 0 15 31 20 1 35 29 5 1 3 5 
distanceLSH : 364.276
Query number 52: 22 1 0 0 13 64 25 26 57 17 0 0 0 1 3 20 48 16 0 0 0 1 0 0 1 0 1 0 2 20 1 0 118 3 0 1 54 117 46 73 125 18 0 0 0 0 9 58 41 6 0 0 1 36 22 12 0 3 0 0 10 125 32 0 125 7 5 14 51 37 1 28 125 3 0 0 0 26 65 121 11 0 0 0 8 99 125 36 28 18 2 2 74 105 45 12 43 17 11 4 38 14 2 17 38 3 2 0 3 85 116 66 1 0 0 0 1 62 125 31 14 0 0 0 7 30 106 
Nearest neighbor : 8829 121 40 0 0 0 2 1 5 67 46 13 27 3 0 4 10 7 5 13 38 45 1 2 6 0 0 0 10 76 35 0 0 131 6 0 0 0 1 3 53 126 17 22 15 1 0 2 66 4 9 28 31 113 18 4 5 0 0 0 18 131 25 0 0 131 3 0 0 3 5 10 35 95 1 0 0 0 31 131 84 2 0 0 1 49 104 131 24 0 0 0 7 100 71 31 6 49 20 5 1 11 26 15 14 7 0 0 0 8 90 131 17 5 0 0 0 0 12 131 49 6 1 0 0 6 11 26 
distanceLSH : 349.638
Query number 53: 37 25 0 0 0 0 0 0 24 68 67 27 3 0 0 1 1 10 94 104 4 0 0 3 6 53 51 4 0 0 0 3 121 44 2 0 0 0 0 5 121 121 116 25 8 1 3 15 0 14 121 121 14 4 1 0 0 49 121 17 3 1 1 0 121 8 0 0 0 0 0 28 121 9 3 5 11 7 61 121 16 12 12 14 21 20 51 52 3 8 12 5 41 65 42 5 57 3 1 0 0 0 0 21 81 2 0 17 6 5 15 81 12 0 0 11 7 65 95 86 0 0 0 0 24 83 69 
Nearest neighbor : 8722 32 88 6 0 0 0 0 0 27 121 116 23 0 0 0 0 8 14 109 79 6 0 0 0 9 15 34 17 17 0 0 0 121 77 28 2 0 0 0 9 121 78 50 30 6 1 0 33 3 4 90 121 46 30 1 1 0 1 28 50 95 26 2 0 59 7 14 12 14 2 1 26 121 0 0 1 8 11 67 121 4 0 0 2 78 121 72 26 2 0 0 5 37 73 23 7 1 0 0 2 25 22 4 6 2 0 0 0 3 29 121 71 6 0 0 0 5 41 121 60 16 3 0 0 4 10 7 
distanceLSH : 316.074
Query number 54: 28 13 13 1 0 0 0 0 12 13 96 55 0 0 0 0 0 3 63 36 0 0 0 0 36 25 30 0 0 0 0 2 128 34 4 0 0 0 0 5 128 78 128 91 0 11 2 3 3 17 128 128 7 39 8 1 14 96 128 10 3 3 11 27 128 18 4 0 0 0 0 42 128 38 0 2 43 53 2 62 1 1 5 20 53 128 35 4 3 7 5 2 9 20 57 49 50 13 15 0 0 0 0 23 87 2 0 0 45 25 19 128 1 0 0 3 73 51 19 11 1 0 0 0 5 3 11 
Nearest neighbor : 9939 12 5 3 6 10 0 4 6 12 53 130 28 18 0 0 1 5 42 132 13 0 0 1 10 11 16 108 13 0 0 1 17 74 6 1 0 0 0 13 30 132 58 126 13 0 0 1 84 20 77 132 16 0 0 12 32 2 28 132 54 2 1 4 10 92 5 0 0 0 1 17 37 132 40 0 12 6 1 26 54 23 5 2 8 4 1 121 112 6 0 1 2 3 2 50 86 100 9 0 0 0 0 1 11 132 35 2 34 10 1 13 41 8 7 19 43 9 2 26 25 37 3 2 0 0 0 12 
distanceLSH : 368.935
Query number 55: 0 0 1 7 3 11 29 0 0 0 7 29 5 34 68 0 3 0 14 91 7 24 57 20 25 17 26 44 3 0 1 5 0 0 0 1 3 143 143 1 0 0 0 1 3 110 143 12 143 2 4 3 0 34 125 139 81 16 43 10 0 0 0 18 24 2 0 8 9 80 46 25 8 0 0 12 20 21 35 26 143 0 0 0 0 0 3 66 143 2 3 3 0 0 0 18 3 0 0 0 0 6 17 10 8 0 0 0 1 8 17 22 143 5 0 0 0 0 0 43 117 0 0 0 0 0 2 
Nearest neighbor : 7251 7 3 1 0 0 10 21 2 2 0 0 0 3 30 103 4 12 2 0 0 2 7 56 34 6 2 1 0 1 2 0 2 0 0 0 0 0 138 138 3 15 0 0 0 0 125 138 36 138 0 0 0 0 8 91 138 36 4 1 0 0 0 4 33 0 0 0 0 0 55 65 2 29 55 13 0 0 7 35 14 138 73 26 1 0 0 1 75 98 6 0 0 0 1 2 27 9 0 0 0 0 0 6 4 128 138 23 1 0 0 6 14 69 102 106 20 0 1 32 14 40 17 6 0 0 0 9 
distanceLSH : 326.011
Query number 56: 0 0 0 0 0 72 58 0 0 0 0 0 0 29 140 20 9 0 0 0 0 0 98 79 10 1 0 0 4 7 1 15 0 0 0 0 14 140 79 0 2 0 0 0 0 43 140 59 140 0 0 0 0 0 90 140 87 0 0 0 10 104 10 37 2 0 0 0 22 85 4 1 19 0 0 0 0 2 6 22 140 28 0 0 2 15 5 31 78 3 0 0 48 140 13 13 1 0 0 0 1 4 0 2 29 4 0 0 0 0 0 7 140 37 0 0 13 37 4 6 13 1 0 0 50 99 3 
Nearest neighbor : 6522 0 0 0 2 6 0 0 0 5 0 0 0 2 2 5 5 143 0 0 0 0 0 1 50 115 0 0 0 0 0 0 19 0 0 8 21 8 0 0 0 4 0 7 11 11 2 1 2 143 3 1 1 0 0 0 46 143 0 0 0 0 0 0 32 0 27 143 27 0 0 0 0 0 3 143 80 1 0 0 0 143 72 143 20 0 0 0 12 143 29 6 0 0 9 5 16 1 31 97 2 0 0 0 0 4 10 143 27 0 3 1 1 5 23 143 35 9 14 8 0 16 21 16 3 11 79 13 
distanceLSH : 574.549
Query number 57: 45 28 5 3 0 0 0 6 42 28 45 37 17 28 32 13 0 0 52 52 24 16 11 4 0 1 23 17 10 1 0 0 96 52 5 0 0 0 0 24 114 114 76 67 7 0 0 22 2 10 114 114 38 11 0 8 0 1 51 71 46 28 3 0 114 35 34 4 0 0 3 54 114 40 12 6 9 38 109 97 4 0 2 47 114 114 72 63 2 1 1 5 63 108 14 0 14 12 32 33 12 4 5 23 7 1 0 51 32 47 114 38 1 0 0 1 12 58 114 44 16 8 1 1 7 18 8 
Nearest neighbor : 5541 20 38 12 0 0 0 0 0 18 76 105 12 0 0 0 0 2 10 65 36 1 0 0 0 2 0 4 8 6 7 10 12 123 34 4 0 0 0 0 11 123 76 112 50 0 0 1 29 0 0 123 123 11 19 3 0 0 0 16 123 71 32 7 0 116 17 0 0 0 0 0 29 123 4 0 2 0 39 71 123 0 0 5 23 14 123 123 5 0 0 0 25 54 123 44 0 16 1 1 0 0 0 1 26 22 3 2 6 5 38 51 72 0 1 3 26 24 93 53 0 0 0 0 1 2 24 17 
distanceLSH : 255.752
Query number 58: 44 11 0 0 6 8 18 55 39 59 8 0 0 54 116 40 45 8 0 0 0 33 124 46 49 23 6 0 0 0 16 24 9 0 15 57 23 10 34 33 24 3 13 22 0 51 124 42 124 4 0 0 0 13 59 79 124 11 4 0 0 0 1 55 12 20 72 75 4 0 8 24 6 24 99 124 4 1 2 5 124 124 89 5 0 0 0 19 124 77 8 1 0 0 2 37 31 9 1 6 2 2 23 45 19 59 51 28 4 6 21 49 55 111 58 0 0 3 5 19 17 37 9 1 0 0 1 
Nearest neighbor : 226 12 67 27 0 0 2 6 6 8 65 30 0 3 70 21 3 48 5 0 1 12 46 34 126 12 1 13 27 37 7 2 19 0 23 22 36 16 40 96 29 4 6 11 8 6 126 126 6 126 8 1 0 0 45 34 93 97 4 17 27 12 0 0 23 0 0 47 126 26 9 5 0 3 9 126 126 5 12 16 0 126 100 100 9 0 0 2 10 109 54 19 7 5 0 0 11 0 0 12 22 2 2 37 7 0 0 88 42 0 1 34 12 41 56 78 12 0 1 11 14 49 59 12 0 0 0 0 
distanceLSH : 284.614
Query number 59: 38 17 6 0 0 0 0 1 54 31 64 48 0 0 0 4 117 38 46 47 0 0 0 15 19 5 38 117 0 0 0 4 63 41 51 1 0 0 0 2 117 46 58 61 0 0 0 45 117 31 70 109 0 0 0 40 97 8 29 117 0 0 0 43 107 37 39 0 0 0 7 36 69 69 51 4 0 1 22 57 59 16 23 51 3 8 46 43 65 6 3 15 1 2 25 73 24 0 0 0 0 1 44 69 4 1 0 0 0 7 117 105 0 0 0 0 0 18 117 33 1 0 0 0 0 5 112 
Nearest neighbor : 1546 42 36 15 13 0 0 0 32 17 56 115 36 0 0 0 1 0 7 97 107 2 0 0 2 19 24 33 24 1 0 1 4 115 67 4 0 0 0 0 22 115 61 84 55 2 0 0 41 1 2 73 115 48 20 5 2 4 4 41 78 16 28 15 6 115 77 5 0 0 0 9 22 115 20 1 8 2 33 88 87 3 0 0 38 80 115 94 14 2 0 0 8 79 47 37 18 20 9 1 0 0 0 86 49 4 2 0 4 4 25 115 77 0 0 0 5 14 53 92 29 0 0 0 11 50 16 20 
distanceLSH : 389.127
Query number 60: 0 2 2 0 0 0 0 0 45 6 1 0 0 0 0 7 160 1 0 8 4 0 0 75 30 0 0 110 47 0 0 7 0 5 21 0 0 0 0 0 28 14 21 0 0 0 0 2 160 10 2 0 0 0 0 57 93 0 1 65 31 0 0 13 0 4 160 5 0 0 0 0 4 18 160 14 0 0 0 0 160 128 160 4 0 0 0 8 84 17 3 10 4 0 0 9 0 0 101 3 0 0 0 0 0 5 142 6 0 0 0 2 2 22 91 8 2 1 1 0 3 8 5 0 0 0 1 
Nearest neighbor : 8432 25 7 0 0 8 58 17 27 35 44 5 9 21 11 33 107 79 49 7 26 40 9 15 9 71 39 0 0 0 0 1 3 13 47 41 12 4 25 1 8 24 34 5 6 2 20 31 71 125 58 0 1 2 12 29 65 66 41 7 0 0 0 0 7 31 41 114 72 0 0 13 58 17 9 125 125 5 12 3 14 125 57 125 45 1 4 2 73 81 24 5 1 5 4 1 16 49 4 7 1 2 4 26 125 117 13 95 29 0 4 4 84 11 31 125 29 1 28 31 2 6 11 10 4 11 21 11 
distanceLSH : 410.601
Query number 61: 38 26 0 0 0 0 4 27 50 23 36 25 1 0 0 27 4 6 33 50 11 0 1 2 7 23 39 5 1 0 0 2 60 1 0 0 0 0 10 37 138 41 27 32 0 0 0 46 40 26 54 138 18 0 1 5 69 29 31 49 5 1 3 22 50 21 22 0 0 0 0 3 138 16 3 3 0 0 35 138 48 7 11 86 46 101 115 70 10 2 8 25 26 138 83 30 6 6 13 1 4 17 17 6 19 22 13 0 2 21 118 60 1 22 92 0 0 76 138 30 0 6 63 3 0 83 55 
Nearest neighbor : 4477 13 22 4 0 0 0 0 1 11 48 82 22 0 0 0 4 1 32 80 19 0 0 0 0 0 8 74 28 1 0 0 0 106 34 2 1 2 0 0 16 125 108 101 57 0 0 0 34 13 52 125 125 4 1 2 2 11 19 73 77 51 14 25 17 62 11 1 2 1 0 5 31 125 8 1 0 0 3 20 125 23 1 13 35 37 99 68 11 12 10 13 27 74 97 41 15 41 22 8 0 0 0 3 14 116 36 16 4 25 41 45 39 2 0 0 0 32 107 125 18 7 2 0 0 5 53 43 
distanceLSH : 308.917
Query number 62: 36 12 0 0 0 0 0 5 77 69 23 0 0 0 0 4 3 38 83 0 0 0 0 0 0 6 68 6 0 0 0 0 98 59 0 0 0 0 0 4 134 134 93 0 0 0 2 55 3 50 134 0 0 0 7 21 0 23 134 1 0 0 2 2 121 8 0 0 0 0 0 18 134 11 2 0 0 0 24 134 4 9 19 0 0 0 134 134 0 5 22 0 0 0 104 79 61 0 0 0 0 0 0 8 104 0 0 0 0 0 6 41 3 0 0 0 0 0 60 41 5 1 0 0 0 0 56 
Nearest neighbor : 6589 64 1 0 4 4 0 0 12 114 37 21 22 15 0 0 7 0 42 52 38 21 0 0 0 0 11 44 66 9 0 0 0 94 1 0 9 15 0 0 11 142 43 51 24 5 0 0 24 5 86 142 26 6 3 8 0 0 13 122 60 48 9 11 0 57 6 3 2 5 2 0 8 142 13 11 0 0 22 52 133 17 12 34 0 0 127 142 17 3 3 11 4 29 62 142 11 9 13 14 2 0 0 0 1 35 12 19 13 1 17 60 68 1 5 9 20 5 72 106 7 1 0 2 3 0 8 69 
distanceLSH : 324.353
Query number 63: 148 1 0 0 0 0 0 14 92 0 0 0 0 0 1 12 0 0 1 21 6 3 7 2 1 0 0 75 21 1 2 2 148 4 0 0 0 0 0 32 119 0 0 0 0 2 17 35 0 0 0 1 4 21 59 3 0 0 0 25 26 29 60 1 148 8 0 0 0 1 22 83 69 0 0 0 0 87 148 62 0 1 1 0 0 116 148 2 0 0 5 1 1 52 148 4 44 23 8 0 0 0 18 23 5 33 52 4 0 19 91 15 1 77 96 0 0 9 40 2 0 23 110 3 0 4 15 
Nearest neighbor : 8127 54 0 0 0 0 0 31 136 70 0 0 0 0 0 2 90 2 0 0 0 1 0 4 5 1 1 1 1 1 0 1 0 141 1 0 0 0 0 1 62 141 25 1 0 0 0 1 39 10 10 14 1 0 18 22 1 2 4 3 0 0 37 65 1 141 22 0 0 0 0 3 13 141 20 0 0 0 69 111 42 3 3 1 0 0 141 141 2 2 17 0 0 0 118 141 2 64 16 1 0 0 0 14 26 22 6 1 0 0 55 113 26 0 25 6 0 0 52 52 0 4 98 1 0 0 3 7 
distanceLSH : 313.445
Query number 64: 115 13 0 0 0 0 0 14 126 23 7 6 0 0 1 23 39 16 2 15 14 1 1 18 0 1 1 70 61 5 0 1 126 89 0 0 0 0 0 4 126 48 5 14 10 3 5 54 23 0 1 17 18 48 14 39 0 0 0 13 30 126 35 3 87 59 0 0 5 5 11 47 44 17 0 0 14 16 126 126 0 0 0 0 15 126 126 61 0 0 0 0 42 126 22 0 8 0 0 0 7 6 23 80 0 0 1 2 58 27 85 48 2 0 3 6 10 20 125 89 2 0 0 4 29 33 13 
Nearest neighbor : 3147 87 2 2 24 41 2 0 19 14 77 46 29 35 5 3 22 23 43 20 12 81 12 0 9 21 2 1 9 45 24 13 23 112 8 3 10 6 3 49 76 60 98 34 15 7 11 32 32 3 25 16 71 103 39 14 0 31 8 15 87 94 11 12 14 95 15 1 0 0 2 36 64 112 50 0 0 7 112 88 53 26 4 0 5 18 112 112 62 7 2 6 33 90 51 48 15 21 2 1 0 0 3 11 62 26 1 0 0 38 112 21 60 29 12 0 0 15 77 112 37 33 43 6 6 21 22 67 
distanceLSH : 395.827
Query number 65: 3 0 0 0 1 7 18 8 12 2 0 0 0 0 5 16 2 1 0 0 4 1 0 0 3 4 3 6 1 0 0 0 44 0 0 0 13 131 101 74 131 4 0 0 0 2 24 86 6 0 0 0 2 14 15 8 12 5 1 0 0 1 15 14 131 26 3 1 13 119 20 34 131 29 0 0 10 53 22 45 1 0 0 0 19 131 131 36 19 0 0 0 0 24 131 87 67 26 40 15 8 6 11 29 67 18 3 8 21 82 104 91 0 3 5 45 53 131 68 12 50 2 0 4 0 9 89 
Nearest neighbor : 3385 31 4 3 10 29 43 6 3 129 11 0 0 16 29 16 26 48 50 7 0 0 0 0 1 6 10 6 5 1 0 0 0 27 0 3 37 132 69 2 4 132 16 0 0 25 28 0 21 98 20 1 0 0 1 10 19 3 6 2 1 3 36 28 2 25 0 0 1 84 120 57 10 132 0 0 0 19 16 22 94 35 0 0 0 0 79 132 40 1 0 0 0 0 120 132 7 22 0 0 0 0 22 37 24 62 0 0 0 0 48 81 84 1 0 0 0 0 125 132 9 11 0 0 0 0 33 77 
distanceLSH : 371.741
Query number 66: 82 24 0 3 2 2 3 10 47 5 2 1 1 20 122 32 1 4 11 3 1 5 126 35 3 1 1 0 2 9 31 23 50 27 0 6 42 46 37 33 4 1 0 0 85 126 126 26 64 1 0 0 0 6 126 126 126 9 0 0 0 0 23 67 3 0 0 0 8 44 126 44 18 0 0 0 53 111 38 17 126 9 0 0 0 3 2 53 126 10 0 0 0 0 0 17 0 0 0 0 0 6 16 0 8 0 0 0 11 13 4 5 126 1 0 0 0 0 0 50 126 12 0 0 0 0 0 
Nearest neighbor : 6646 0 0 0 0 3 22 42 0 0 0 0 0 2 48 118 1 5 0 0 0 0 7 122 40 7 0 0 0 0 0 7 23 0 0 0 0 0 114 147 0 6 0 0 0 0 122 147 10 147 1 0 0 0 13 138 123 113 9 0 0 1 0 2 27 0 0 0 0 5 26 36 0 29 1 0 0 1 10 21 3 147 6 0 0 0 0 1 26 147 5 0 0 12 8 0 13 0 0 0 1 3 1 0 0 17 1 0 3 0 0 0 1 147 3 0 0 0 0 0 28 113 0 0 0 9 6 0 
distanceLSH : 286.66
Query number 67: 3 0 0 0 0 0 127 64 32 2 2 0 0 0 23 68 1 1 6 4 0 0 0 0 0 0 1 8 0 0 0 0 68 9 20 4 0 0 83 75 140 9 1 0 0 0 12 97 13 1 2 3 1 1 1 0 0 0 0 4 3 2 3 0 78 46 97 82 8 1 10 10 140 51 9 13 2 13 7 14 13 0 0 0 0 120 91 2 5 0 0 0 0 43 140 36 22 3 5 18 36 27 43 31 72 2 1 4 4 96 114 103 0 0 0 0 0 140 126 3 30 1 0 0 0 33 96 
Nearest neighbor : 6997 116 0 0 0 5 11 0 33 136 7 6 4 0 0 0 22 0 0 7 22 4 0 0 0 2 5 2 5 1 0 0 0 136 5 0 0 4 8 0 10 136 8 1 1 1 2 0 10 0 0 1 8 16 9 6 0 3 2 0 2 7 3 5 4 136 3 0 0 2 1 1 18 136 5 0 0 0 90 81 28 0 0 0 1 2 136 136 18 3 0 0 0 2 16 136 66 42 0 0 0 1 4 16 34 31 0 0 0 0 136 125 42 0 0 0 0 0 108 108 22 4 0 0 0 0 13 71 
distanceLSH : 350.199
Query number 68: 88 3 0 0 0 0 1 130 82 6 0 0 0 78 28 33 13 1 0 0 0 130 105 45 39 0 0 0 0 2 17 53 130 10 0 0 0 24 28 42 75 4 0 0 0 130 112 20 115 0 0 0 0 119 71 84 130 0 0 0 0 39 7 66 55 22 6 1 5 26 35 20 2 0 0 0 0 70 48 6 130 3 0 0 0 2 9 28 130 3 0 0 0 86 38 39 0 11 5 1 9 29 4 0 2 5 0 0 1 8 11 1 61 45 0 0 0 1 6 9 29 11 0 0 0 6 10 
Nearest neighbor : 6372 134 2 0 0 0 0 0 26 112 1 4 39 3 0 13 46 5 0 25 134 9 0 7 23 25 1 5 48 5 0 0 95 134 39 0 0 0 0 0 6 134 20 0 0 0 1 11 28 1 0 1 24 7 3 32 26 9 1 1 65 46 9 14 39 134 11 0 0 0 0 16 37 79 5 0 0 0 59 134 33 0 0 0 0 0 80 134 2 0 0 0 8 13 59 134 4 49 15 8 1 0 1 24 26 5 21 41 8 0 36 114 13 0 42 95 0 0 24 78 0 0 9 91 1 0 9 37 
distanceLSH : 545.039
Query number 69: 21 20 7 2 1 0 0 1 5 49 110 10 5 1 0 0 0 95 108 44 10 0 0 0 0 1 62 46 7 0 0 0 124 35 4 0 4 1 0 13 124 124 124 1 0 0 0 14 4 110 124 76 9 0 0 0 0 3 124 124 4 0 0 0 124 48 0 0 2 0 0 17 124 49 0 0 0 0 0 60 50 51 23 3 0 2 3 18 1 4 24 50 16 10 2 0 31 44 0 0 0 0 14 15 85 9 0 0 0 0 15 124 37 0 0 0 0 5 29 96 0 0 0 0 3 12 19 
Nearest neighbor : 7469 31 11 24 15 3 0 0 5 30 29 135 79 0 0 0 2 75 26 135 34 0 0 0 68 67 24 26 54 9 0 0 62 135 14 2 30 15 0 0 14 135 58 117 52 4 0 0 12 6 19 135 74 3 0 0 3 36 49 59 23 23 0 0 7 106 15 3 135 17 0 0 19 135 15 1 13 5 0 0 74 6 8 16 11 5 0 0 0 7 15 14 8 4 0 0 0 16 12 30 135 5 0 0 4 116 47 61 48 0 0 0 23 23 9 10 7 1 0 0 3 6 3 4 6 5 0 0 
distanceLSH : 383.292
Query number 70: 121 5 7 2 14 9 3 25 15 13 121 77 28 13 7 19 9 7 105 121 1 0 0 1 14 2 3 24 14 16 5 11 121 13 1 0 4 27 35 34 98 14 27 14 0 15 53 121 11 3 27 121 54 86 42 55 12 2 1 57 111 57 6 0 65 25 0 0 4 23 24 24 44 37 18 7 35 41 71 90 5 0 0 0 23 121 121 50 19 3 0 0 21 64 32 11 64 28 0 0 6 21 5 8 47 29 4 13 108 93 4 10 10 0 0 0 38 32 14 12 20 1 0 0 2 3 1 
Nearest neighbor : 3339 27 38 27 0 0 2 62 87 62 32 85 62 5 0 4 64 11 49 69 55 18 14 3 0 20 16 0 1 12 40 80 19 125 54 33 2 1 7 40 48 130 17 9 10 1 4 20 84 5 2 16 48 122 41 39 3 19 18 3 41 103 45 25 4 77 18 22 2 2 19 22 30 130 6 0 0 0 40 130 83 3 2 3 9 21 91 130 8 32 30 9 22 27 34 85 25 9 7 14 3 10 13 15 9 16 18 10 2 0 24 85 17 41 56 24 9 2 23 35 6 31 98 49 2 2 6 8 
distanceLSH : 363.743
Query number 71: 133 0 0 0 0 0 0 47 144 7 0 0 0 0 0 35 12 6 0 0 0 0 0 1 3 6 0 0 0 0 0 0 144 2 0 0 0 0 3 76 144 9 0 0 0 0 4 81 11 13 0 0 0 1 29 7 4 18 0 0 0 26 36 2 144 30 0 0 0 1 10 27 144 35 0 0 0 70 143 59 2 1 0 0 0 102 144 10 1 3 0 0 0 97 144 4 70 21 0 0 0 2 10 17 23 5 0 0 0 72 79 18 0 13 3 0 0 54 58 0 3 15 1 0 0 5 25 
Nearest neighbor : 3031 114 10 31 23 0 0 0 82 118 8 5 65 8 0 0 44 0 7 10 118 29 2 0 0 11 43 11 16 3 3 9 3 73 26 58 94 22 9 31 34 118 38 4 14 29 7 0 74 6 6 25 67 69 19 4 1 7 13 35 48 14 11 17 3 75 58 26 7 14 22 66 45 118 56 1 5 8 36 118 56 3 3 13 15 14 118 118 5 8 2 13 11 0 63 118 18 8 26 29 5 2 89 35 1 16 16 3 0 0 43 118 53 9 7 7 13 36 70 52 20 24 20 10 5 6 26 35 
distanceLSH : 319.614
Query number 72: 5 18 10 17 55 17 47 33 25 68 33 75 12 51 39 32 14 5 29 127 13 21 12 98 75 9 7 3 0 0 0 127 127 82 18 6 17 6 22 30 79 127 71 57 0 0 0 0 3 13 127 127 1 0 0 2 81 74 127 30 0 0 0 25 127 71 0 2 3 2 0 56 125 32 2 0 0 0 0 19 2 0 28 16 0 0 1 3 2 10 43 5 0 0 0 1 97 49 38 7 0 0 0 41 81 20 3 0 0 0 1 30 0 0 0 0 0 0 5 10 0 0 0 0 0 0 1 
Nearest neighbor : 8655 22 95 15 0 0 0 8 51 38 106 38 97 38 9 13 46 114 11 14 122 28 8 13 43 40 16 16 86 7 0 0 11 122 104 9 3 4 0 0 42 102 85 36 94 5 0 0 32 43 48 92 122 5 0 0 6 46 59 50 58 7 0 0 3 122 30 0 3 6 1 0 66 99 12 1 3 0 0 42 122 29 11 26 51 0 1 42 53 18 25 38 10 0 0 0 2 57 68 0 2 0 0 7 10 43 30 0 0 0 0 35 47 43 20 0 0 0 0 52 70 6 1 0 0 0 0 14 
distanceLSH : 333.111
Query number 73: 0 71 19 13 52 1 0 0 2 121 74 4 1 0 0 0 0 51 80 121 59 0 0 0 52 11 7 52 22 0 0 4 41 95 15 23 39 3 4 37 80 110 10 1 2 3 5 43 3 7 10 107 50 11 12 2 14 17 104 107 12 1 0 3 51 0 0 39 49 14 7 39 109 0 0 0 0 74 92 78 99 6 4 2 2 53 91 46 21 7 35 7 34 69 0 1 11 0 0 4 64 26 12 15 52 0 0 0 0 115 57 28 121 3 0 0 4 21 17 22 19 0 0 0 64 91 0 
Nearest neighbor : 3546 2 27 11 1 5 35 28 1 6 71 119 18 0 10 50 21 15 12 67 55 0 16 63 6 49 42 3 2 0 3 16 2 87 73 14 4 4 3 0 13 123 118 107 53 0 0 0 42 9 10 118 123 11 7 0 2 35 29 31 47 38 43 28 5 74 2 0 1 5 5 3 49 123 1 2 1 0 6 34 123 10 1 9 39 21 123 59 21 0 10 20 25 78 123 7 0 22 11 2 0 1 5 3 16 54 54 3 1 2 24 42 68 10 20 3 3 27 123 42 7 11 51 18 2 1 29 3 
distanceLSH : 408.727
Query number 74: 9 12 9 9 66 14 20 13 112 73 27 49 49 9 9 13 103 33 2 0 0 0 5 12 2 0 0 0 0 1 3 6 18 25 10 7 38 66 54 42 62 62 46 11 0 5 29 105 21 14 4 0 0 1 28 29 0 0 0 0 1 7 18 17 36 3 0 1 41 126 42 54 126 12 0 0 10 51 31 126 12 0 0 0 12 80 126 46 0 0 0 0 10 79 95 78 54 12 0 1 55 26 1 4 126 46 0 0 32 99 37 22 4 0 0 0 46 123 83 21 7 0 0 0 7 71 56 
Nearest neighbor : 4961 123 39 0 0 0 0 4 13 57 1 0 0 0 0 1 17 17 0 0 27 46 6 0 4 0 0 18 123 63 5 0 0 91 52 0 0 0 62 50 61 123 0 0 0 0 4 11 101 21 0 0 8 4 9 29 10 0 0 13 67 81 61 11 0 61 6 2 0 6 42 33 44 123 0 0 0 0 83 48 97 12 0 0 0 0 123 123 37 8 0 0 0 84 123 69 45 35 5 1 0 14 18 7 7 74 3 0 0 2 123 63 26 38 34 2 0 4 84 58 20 24 17 2 0 45 74 9 
distanceLSH : 377.292
Query number 75: 64 25 8 0 2 2 11 17 82 46 76 71 25 5 3 11 11 14 38 78 18 9 46 23 3 13 18 19 4 10 44 4 104 11 10 14 1 0 4 23 131 23 17 64 12 0 0 36 6 26 74 131 45 9 0 0 7 24 35 32 100 38 2 10 94 4 4 27 30 31 6 20 131 25 1 5 9 37 49 95 6 3 5 24 67 131 79 5 1 15 10 5 78 129 39 2 27 9 0 0 2 17 23 20 41 38 17 6 4 39 97 78 3 15 25 5 8 109 91 6 9 39 22 1 2 35 24 
Nearest neighbor : 4548 8 11 5 2 15 8 1 0 7 22 95 26 0 0 0 0 0 0 94 35 0 0 0 0 7 7 25 9 0 0 0 1 90 30 1 0 20 7 2 7 134 80 134 31 0 0 0 31 8 2 134 129 34 14 0 1 3 17 64 77 76 13 0 1 94 1 0 0 8 6 5 25 134 4 1 1 1 9 12 87 30 1 7 14 81 134 23 8 7 14 9 5 60 86 35 9 28 10 9 12 0 2 2 15 65 6 5 7 7 28 92 95 3 0 0 0 12 134 104 11 0 0 0 0 1 31 58 
distanceLSH : 266.843
Query number 76: 31 31 41 12 1 1 2 11 21 30 70 75 7 0 5 7 114 40 6 4 0 0 0 57 92 15 1 0 0 0 0 25 63 15 5 5 0 1 14 72 114 39 95 107 7 1 21 76 106 114 114 42 0 0 1 12 71 46 1 0 0 1 16 6 71 6 7 4 1 0 0 31 114 67 8 3 4 12 55 91 13 19 36 5 5 34 114 82 3 4 2 0 0 3 95 51 7 30 75 23 0 0 0 10 21 5 51 63 16 5 74 93 43 7 8 5 2 20 70 84 15 10 34 9 0 0 29 
Nearest neighbor : 1916 30 14 5 5 1 0 1 41 13 83 121 10 2 1 6 7 6 22 124 35 1 1 7 25 0 4 37 52 3 1 2 3 124 64 8 4 0 0 0 14 124 124 72 5 2 0 0 18 1 24 124 84 75 10 0 0 0 11 37 95 53 20 0 0 98 78 38 15 2 0 0 18 124 24 6 5 5 7 38 124 2 0 1 27 64 84 50 44 24 63 28 30 29 19 18 17 8 41 33 26 4 0 0 1 13 16 23 71 13 9 32 92 27 9 11 23 16 44 36 68 76 19 13 18 7 10 15 
distanceLSH : 426.807
Query number 77: 58 116 8 0 0 0 7 8 68 124 1 0 0 9 124 38 19 14 1 0 0 70 124 39 60 0 0 0 3 20 54 46 18 43 12 0 2 3 9 7 5 1 0 0 19 124 99 9 124 3 0 0 2 98 110 44 124 4 0 0 3 29 29 67 0 8 19 6 30 41 0 0 1 1 1 1 69 120 0 0 124 5 1 0 4 12 0 44 124 0 0 0 0 6 18 101 0 0 1 1 13 88 5 0 0 0 0 0 18 41 5 0 38 0 0 0 0 0 7 29 54 0 0 0 0 1 17 
Nearest neighbor : 5505 15 4 19 13 6 21 18 3 0 32 83 11 5 30 129 1 0 28 37 1 0 8 129 25 13 3 18 1 0 0 20 29 8 0 0 0 32 103 129 8 2 0 0 0 47 129 129 15 91 2 0 0 0 4 129 98 129 9 0 0 0 0 15 60 0 0 0 0 3 29 127 0 5 0 0 0 11 42 25 10 129 1 0 0 0 0 1 59 129 8 0 0 0 0 0 21 0 0 0 0 0 1 2 0 2 0 0 1 1 1 0 0 129 4 0 0 0 0 0 13 129 3 0 0 0 0 0 
distanceLSH : 389.311
Query number 78: 49 25 23 15 0 0 0 0 97 37 24 122 25 0 0 1 41 3 0 77 28 1 0 39 28 6 3 7 8 1 0 10 98 52 68 55 0 0 0 2 122 31 29 122 51 0 0 4 12 34 28 122 85 0 0 8 20 48 39 19 12 4 0 8 122 43 34 51 0 0 0 20 105 16 30 110 23 0 3 50 9 20 74 122 31 2 2 34 0 31 43 48 79 21 0 0 70 11 4 4 1 0 2 42 10 0 1 51 71 10 31 65 0 0 5 19 45 32 54 122 0 0 0 6 52 78 8 
Nearest neighbor : 6611 12 22 5 51 41 0 1 5 49 76 12 32 13 4 9 15 9 53 37 118 35 2 0 1 45 61 29 5 1 0 1 21 50 34 9 110 51 3 1 50 67 118 16 49 33 2 0 3 9 53 22 118 112 0 1 2 20 18 19 57 23 2 9 74 40 16 2 26 31 13 19 118 118 60 7 14 17 8 15 97 7 2 11 49 118 49 32 19 2 0 9 46 39 72 25 11 31 6 1 24 25 1 7 53 28 8 0 0 1 34 115 84 25 4 3 4 44 114 105 29 18 6 10 32 12 39 13 
distanceLSH : 414.969
Query number 79: 47 3 0 0 0 0 2 18 23 37 26 17 13 5 7 16 25 30 121 38 1 0 0 8 99 16 17 13 0 0 0 46 71 11 0 0 0 1 2 32 121 121 27 0 0 0 4 27 4 94 121 82 13 1 16 11 21 1 13 121 56 3 7 89 107 10 0 0 0 3 1 13 121 34 0 0 0 0 121 105 2 6 1 9 6 4 121 72 2 0 0 39 121 69 86 22 32 7 0 0 0 0 1 7 18 1 0 0 0 2 69 27 0 0 0 0 0 3 116 27 0 0 0 0 12 38 58 
Nearest neighbor : 4916 3 25 6 13 6 27 23 0 66 115 24 0 2 9 5 11 10 20 65 24 11 3 3 10 0 4 19 28 2 0 0 1 38 33 11 32 19 8 0 12 134 134 71 0 0 1 0 28 7 38 134 132 3 3 1 0 0 2 69 106 10 2 0 0 49 2 0 2 22 53 6 19 134 15 3 0 0 9 54 134 19 6 13 27 7 78 134 28 1 0 11 36 52 73 71 17 23 18 0 0 3 17 4 0 50 14 4 6 4 9 80 63 1 0 1 1 3 54 134 24 11 0 1 0 14 20 61 
distanceLSH : 303.12
Query number 80: 3 0 0 0 0 0 0 3 38 1 0 0 0 0 0 9 169 2 0 0 0 0 0 28 61 0 0 2 0 0 0 7 2 12 26 0 0 0 0 0 36 17 43 0 0 0 0 2 169 14 9 0 0 0 0 53 94 2 0 3 1 0 2 33 0 28 169 4 0 0 4 5 3 23 169 27 0 0 0 0 127 85 169 5 0 0 1 37 70 28 15 0 0 0 3 63 0 1 54 2 0 0 84 108 0 1 96 12 0 0 59 91 1 15 109 3 0 0 12 18 7 18 24 2 0 0 1 
Nearest neighbor : 4557 63 0 0 0 0 0 0 72 146 2 0 0 0 0 0 98 13 2 0 0 0 0 0 0 0 0 1 2 0 0 0 0 113 34 4 3 0 0 0 8 146 80 0 0 0 0 3 26 16 6 0 0 0 10 34 1 0 0 0 1 0 36 58 0 80 13 1 0 0 0 0 51 127 19 0 0 0 31 132 146 1 0 0 0 0 146 146 8 5 10 0 0 0 128 146 2 1 0 2 11 3 0 2 12 1 0 0 0 0 19 89 47 0 0 0 0 0 43 97 1 37 23 0 0 0 10 28 
distanceLSH : 668.788
Query number 81: 19 28 93 19 2 3 0 0 122 105 17 0 2 95 52 4 53 15 2 0 1 96 85 95 46 1 0 0 0 0 2 43 9 13 79 11 18 126 38 22 13 13 12 0 4 126 126 23 126 2 0 0 0 41 33 105 126 4 0 0 0 3 33 51 11 0 0 0 14 126 36 30 30 6 0 0 1 25 12 25 126 28 0 0 0 3 21 49 70 4 1 0 0 35 126 42 3 0 0 2 5 4 7 4 44 10 0 0 0 0 0 13 52 44 9 0 0 1 3 7 2 13 16 0 0 5 8 
Nearest neighbor : 6514 1 98 90 0 0 16 43 0 4 127 102 0 0 30 127 4 14 50 30 0 0 11 127 42 10 4 1 0 0 1 9 13 0 15 11 0 0 62 127 1 1 2 0 0 0 49 127 10 127 1 0 0 0 4 127 122 127 6 1 0 0 0 3 35 0 0 0 0 0 0 8 4 7 0 0 0 0 0 2 5 127 5 0 0 0 0 0 38 127 3 0 0 0 0 13 52 2 2 0 0 0 0 0 1 4 50 20 0 0 0 0 0 58 127 49 0 0 0 0 9 56 72 5 0 0 0 4 
distanceLSH : 386.628
Query number 82: 3 20 2 29 81 0 0 0 12 127 107 41 18 0 0 0 9 80 127 25 2 0 0 0 60 54 27 5 11 2 0 1 52 37 2 36 56 0 0 8 127 127 48 105 55 3 9 105 15 68 88 78 87 15 6 16 33 39 20 13 72 15 0 0 18 4 0 23 36 23 14 22 127 6 0 10 65 33 24 127 51 5 7 4 78 24 18 51 11 10 9 4 37 9 1 6 3 0 0 0 9 35 47 25 127 17 0 0 35 48 5 25 55 1 1 0 32 23 2 50 3 1 1 2 7 1 2 
Nearest neighbor : 1180 16 13 12 16 9 0 1 37 10 98 130 11 3 0 0 1 3 15 130 43 0 0 0 0 39 24 58 27 0 0 0 11 130 26 6 19 0 0 0 36 130 130 79 2 0 0 0 12 11 19 130 87 16 1 1 3 3 14 63 114 26 0 0 0 100 51 59 37 0 0 0 6 130 26 4 0 0 1 15 130 18 4 7 16 29 45 94 61 1 1 10 25 49 13 22 7 26 20 20 3 11 3 0 14 16 9 4 4 26 25 29 98 15 1 0 0 6 46 62 88 33 2 0 0 1 5 15 
distanceLSH : 376.242
Query number 83: 18 47 27 7 12 0 0 0 50 49 42 49 0 0 0 4 34 31 7 114 50 0 0 2 68 26 4 47 28 0 0 1 15 34 36 33 39 2 0 13 118 53 50 42 27 0 0 53 18 34 37 95 85 7 8 0 102 5 2 83 104 0 0 42 23 11 4 7 42 43 42 18 118 64 1 12 68 36 22 49 35 8 1 18 118 73 29 27 69 0 0 17 118 24 3 62 6 0 0 0 0 13 75 34 39 3 0 0 2 35 118 93 0 0 0 0 15 75 118 34 11 0 0 2 71 31 23 
Nearest neighbor : 516 34 4 24 24 12 0 5 44 55 26 113 84 0 0 0 8 24 14 76 53 3 0 2 5 9 4 8 11 3 4 11 26 99 72 19 21 48 4 3 22 113 92 75 27 0 0 2 12 11 11 109 113 92 15 9 4 35 4 0 65 91 12 12 19 103 45 19 28 21 6 7 49 76 27 0 1 1 22 113 60 5 0 0 14 80 81 113 38 16 5 1 29 113 47 8 20 26 20 32 25 6 1 6 13 3 3 12 83 39 48 78 14 6 6 17 28 7 43 113 59 10 11 4 6 17 32 18 
distanceLSH : 361.001
Query number 84: 3 3 0 0 12 38 3 0 8 50 56 5 10 9 2 0 4 23 76 28 3 2 0 0 0 2 39 17 4 3 0 0 56 10 0 0 9 32 2 3 134 134 90 1 0 0 0 5 12 32 134 100 0 0 0 3 0 24 134 49 0 1 1 0 90 4 0 1 13 3 0 6 134 22 2 0 0 0 4 120 40 8 36 20 2 11 17 108 0 6 53 13 9 120 35 0 32 5 4 3 3 0 0 5 60 2 0 0 0 1 27 131 17 0 0 0 1 27 93 128 0 0 0 0 30 134 37 
Nearest neighbor : 1105 14 66 11 0 0 2 1 1 23 89 71 13 0 18 7 10 1 43 122 89 4 27 5 1 0 108 67 12 6 1 0 0 62 16 1 0 3 44 28 21 122 92 20 3 0 13 31 93 5 20 85 37 10 32 18 18 2 21 36 5 27 47 5 6 27 3 0 0 8 69 12 20 122 29 0 0 1 12 44 122 30 2 0 0 1 50 111 87 1 0 0 0 38 122 11 13 34 7 0 0 0 14 11 12 79 51 0 1 29 57 47 19 48 4 0 1 15 70 105 109 4 5 7 0 17 122 16 
distanceLSH : 345.161
Query number 85: 43 0 0 0 2 21 23 47 48 7 4 32 10 19 18 52 14 13 41 66 7 0 1 17 72 3 9 15 4 1 10 85 56 5 0 2 5 2 14 61 121 121 28 10 1 2 5 21 9 50 121 60 6 0 0 0 7 2 49 87 18 9 15 22 97 17 1 14 9 0 1 32 121 101 9 6 0 0 104 120 6 14 63 22 18 109 121 47 1 0 8 19 29 111 43 30 18 4 11 31 15 0 2 12 15 3 13 11 0 2 121 66 0 0 7 6 0 43 121 32 0 0 1 1 0 22 74 
Nearest neighbor : 875 66 38 0 0 0 0 0 23 83 11 1 25 18 0 0 22 8 6 15 85 114 0 0 0 17 24 89 52 8 0 0 1 106 43 0 0 0 0 0 20 114 59 0 13 26 2 0 6 35 13 4 82 114 3 1 5 56 12 28 43 13 1 10 29 114 12 0 0 0 2 7 79 83 13 0 0 8 27 114 41 3 3 1 36 75 84 114 15 10 2 0 9 16 75 99 75 97 15 0 8 10 22 18 13 9 3 5 19 18 72 114 14 0 0 0 8 29 89 114 21 6 0 0 0 7 72 46 
distanceLSH : 374.057
Query number 86: 0 0 0 2 12 0 0 0 5 2 0 0 3 1 1 1 5 0 0 0 0 1 0 2 3 0 0 0 0 0 0 1 0 0 0 4 37 24 1 0 39 0 0 0 16 62 44 54 15 0 0 0 1 5 3 15 6 0 0 0 0 1 0 7 0 0 0 0 133 115 11 2 133 3 0 0 120 133 18 133 63 0 0 0 1 33 70 37 20 0 0 0 8 25 26 28 6 0 0 0 133 85 27 48 133 36 0 0 127 122 15 21 63 0 0 0 16 120 133 72 87 0 0 0 34 33 40 
Nearest neighbor : 7109 92 59 0 0 0 0 0 0 42 35 11 1 0 0 0 0 69 6 0 0 0 0 0 5 31 1 0 0 0 0 0 1 118 45 0 0 0 2 2 3 47 13 0 0 0 2 6 22 64 1 0 0 0 2 13 30 36 0 0 0 0 2 17 29 105 20 3 0 26 65 11 2 45 0 0 0 22 82 52 118 20 0 0 0 23 118 118 99 76 3 0 0 0 16 117 109 29 3 0 0 84 91 0 0 41 0 0 0 61 115 33 118 53 14 0 0 45 118 68 66 118 42 0 0 0 0 25 
distanceLSH : 412.368
Query number 87: 96 16 6 3 1 0 0 16 131 64 0 0 9 131 41 47 52 6 2 11 17 131 113 90 67 13 40 61 6 5 8 41 40 15 12 8 13 10 11 15 61 6 0 0 7 131 111 48 131 6 0 0 4 90 20 64 131 7 6 6 4 131 83 76 1 28 14 9 44 24 4 0 0 11 2 1 17 22 9 0 63 18 2 0 0 8 18 30 35 11 4 1 24 91 63 34 0 16 10 17 89 14 0 0 0 4 2 4 18 9 0 0 23 12 4 1 3 15 13 4 7 4 0 0 11 41 14 
Nearest neighbor : 4263 89 1 2 3 2 3 2 26 112 8 0 0 9 127 56 50 79 8 0 0 16 127 46 20 127 18 0 0 0 7 6 46 27 2 12 40 31 34 14 18 19 1 0 0 39 127 127 35 127 12 0 0 6 78 49 60 65 1 0 0 0 0 11 127 2 12 21 27 60 34 18 7 34 43 28 63 127 64 11 4 127 91 7 0 0 2 5 10 21 3 0 0 3 3 6 75 0 13 22 39 43 0 0 0 6 24 35 76 38 10 0 0 20 49 20 5 3 1 0 0 4 0 1 1 12 9 0 
distanceLSH : 343.586
Query number 88: 44 21 0 0 0 0 0 0 135 134 0 0 0 135 34 19 135 12 0 0 4 135 59 103 40 0 0 0 36 135 7 12 75 32 0 0 0 6 4 4 86 31 0 0 9 135 38 31 135 0 0 0 6 135 66 110 15 0 0 0 16 135 37 21 28 13 0 0 0 31 10 2 21 1 0 0 7 84 11 5 58 0 0 0 1 38 34 30 16 0 0 0 0 22 14 20 1 1 0 0 3 24 1 0 6 0 0 0 1 14 1 2 8 0 0 0 0 8 13 6 17 0 0 0 0 2 3 
Nearest neighbor : 6495 47 0 0 0 5 23 64 50 23 0 0 0 36 122 70 28 1 0 0 0 0 12 125 127 1 0 0 0 0 2 41 52 127 24 0 0 34 35 23 28 53 6 0 0 127 127 23 11 0 0 0 0 4 10 97 127 0 0 0 0 0 1 127 127 127 28 0 0 68 43 0 5 27 3 0 0 127 95 2 1 4 0 0 0 0 4 7 9 5 0 0 0 0 2 23 17 109 7 0 0 57 22 2 11 3 0 0 0 99 32 1 2 4 0 0 0 0 2 1 2 2 0 0 0 0 3 1 
distanceLSH : 507.929
Query number 89: 96 119 0 0 0 5 2 1 40 88 0 0 0 79 66 4 5 0 0 0 0 33 119 49 15 0 0 0 0 0 12 45 119 85 0 0 0 109 50 13 8 6 0 0 0 119 119 5 70 0 0 0 0 27 118 119 94 0 0 0 0 0 8 119 22 4 0 0 0 104 62 13 3 0 0 0 0 48 32 11 70 0 0 0 0 0 8 78 119 0 0 0 0 0 5 119 2 0 0 0 0 4 6 3 8 0 0 0 0 0 0 5 22 0 0 0 0 0 0 22 119 0 0 0 0 0 0 
Nearest neighbor : 2817 26 0 0 0 36 70 12 67 69 3 0 0 0 52 86 93 13 0 0 0 0 36 114 106 0 3 1 1 37 73 86 10 35 5 0 12 99 30 6 20 37 8 2 2 38 114 77 43 108 27 1 2 18 66 66 114 37 59 13 1 2 37 38 26 12 7 3 13 114 25 0 7 16 24 7 6 52 43 9 7 96 89 26 5 7 1 2 20 104 53 27 3 0 6 3 18 13 7 6 34 59 4 0 7 56 71 4 13 65 10 3 6 75 91 32 23 43 8 5 12 114 44 21 8 17 5 2 
distanceLSH : 461.914
Query number 90: 2 5 14 3 0 0 0 0 19 32 31 0 0 0 0 2 134 50 12 0 0 0 0 49 98 2 0 0 0 0 0 25 14 22 100 31 0 0 0 1 39 42 70 27 1 3 7 26 134 106 23 0 0 1 3 81 117 27 0 1 0 0 0 10 0 104 134 50 0 0 0 0 3 5 134 134 1 2 3 9 134 79 134 43 0 0 1 53 113 27 5 4 0 0 0 8 0 22 21 10 0 0 0 0 0 1 66 49 0 0 0 0 8 29 117 22 0 0 0 0 15 21 9 0 0 0 0 
Nearest neighbor : 3794 7 7 14 37 111 6 0 3 52 15 10 7 13 37 27 18 63 12 0 3 13 21 20 22 42 26 0 0 0 0 0 1 0 1 9 39 78 118 18 4 8 10 17 16 26 118 70 12 118 13 5 0 0 24 45 118 75 17 0 0 0 17 25 35 1 3 33 118 23 30 5 1 2 14 118 118 29 24 0 0 105 95 118 11 0 0 0 43 39 23 33 39 9 43 36 35 11 18 18 56 49 0 0 0 12 79 59 46 35 1 0 0 17 118 118 3 0 0 0 0 5 26 74 71 3 0 0 
distanceLSH : 414.08
Query number 91: 1 23 29 4 0 0 0 0 5 53 116 3 0 0 1 7 19 9 87 37 2 1 24 52 12 0 1 7 3 14 53 23 83 73 11 0 0 0 0 4 92 116 116 9 0 0 0 16 2 11 116 116 93 1 0 2 22 2 1 54 89 1 1 10 116 12 0 0 2 0 2 22 116 6 0 0 0 0 46 116 3 1 0 20 116 116 60 36 19 2 0 8 116 44 0 5 20 3 0 0 1 1 27 20 9 2 0 0 2 10 116 48 5 14 8 2 10 83 116 12 4 7 11 3 12 23 1 
Nearest neighbor : 2637 27 28 15 6 0 0 0 0 1 34 118 19 0 0 0 0 1 8 102 28 0 0 1 0 18 40 33 4 0 0 0 4 118 69 8 8 0 0 0 8 54 118 118 26 4 0 0 2 0 0 118 86 30 5 0 0 10 10 50 46 25 19 4 7 118 11 5 40 44 18 6 47 118 25 10 12 21 7 1 75 0 0 5 42 118 27 0 0 0 0 3 7 108 78 16 5 42 34 9 6 23 22 6 33 61 2 0 6 7 10 113 118 1 0 0 10 39 118 118 17 9 11 7 1 47 64 12 
distanceLSH : 259.929
Query number 92: 5 0 0 2 22 1 0 11 1 6 2 2 14 2 0 0 4 3 1 3 106 71 2 0 85 8 0 0 34 56 7 5 103 0 0 1 18 8 1 48 1 2 0 2 18 18 7 0 12 3 6 9 131 120 3 0 80 8 6 6 41 53 23 21 131 1 0 0 3 44 128 39 0 0 0 0 9 82 131 11 1 1 3 13 102 131 56 5 3 5 5 13 56 40 9 3 17 0 0 0 0 33 131 34 1 0 0 0 0 15 131 74 47 5 0 0 2 38 131 75 45 14 1 18 59 3 2 
Nearest neighbor : 3236 96 61 8 0 0 0 0 4 97 126 1 0 0 0 0 0 19 51 5 1 28 33 1 0 2 1 1 1 21 87 32 3 121 16 8 0 0 5 8 59 126 58 1 1 1 6 9 76 9 14 1 6 116 96 15 3 7 17 8 17 92 59 17 3 54 3 0 0 0 2 27 71 113 1 0 0 0 28 126 126 1 0 0 0 15 126 126 12 5 2 1 1 11 89 117 5 10 5 3 1 0 0 7 10 9 3 6 2 0 14 78 41 2 2 2 2 0 61 76 3 14 14 0 0 0 8 22 
distanceLSH : 452.852
Query number 93: 113 12 2 0 0 0 0 37 59 28 54 40 0 0 0 7 8 21 36 18 0 0 0 4 2 5 15 4 0 0 0 3 129 22 10 5 0 0 0 29 129 20 22 89 9 0 0 28 5 2 15 129 17 0 1 8 5 1 16 11 0 0 1 14 81 76 129 81 3 0 0 0 129 47 17 14 8 59 63 26 1 0 12 87 13 39 129 63 0 0 20 48 4 1 12 26 0 2 43 35 35 56 0 0 1 3 8 4 36 129 26 2 10 10 15 2 3 94 107 101 37 4 5 7 2 0 17 
Nearest neighbor : 1568 68 7 9 3 1 0 1 69 54 27 33 36 4 0 0 30 3 2 10 115 27 1 12 11 8 6 11 59 4 0 18 46 115 48 10 3 4 1 0 61 115 97 22 31 12 0 0 15 12 8 18 115 75 15 0 7 38 20 58 115 0 2 0 8 101 113 77 10 0 0 0 10 115 42 4 10 16 14 45 55 9 10 19 74 53 24 111 29 35 29 29 26 1 6 34 21 40 17 17 1 3 14 14 18 5 4 2 3 28 82 115 15 7 4 0 0 30 85 115 54 7 5 0 0 0 9 79 
distanceLSH : 311.933
Query number 94: 42 8 0 0 22 56 10 15 133 44 6 1 0 3 3 40 42 18 48 7 0 6 16 6 0 8 34 4 0 3 32 16 97 14 1 1 16 26 4 11 133 43 0 0 5 8 0 16 18 8 0 0 40 128 46 3 0 0 0 0 4 75 133 16 59 0 0 0 2 5 22 61 133 0 0 0 8 14 70 133 5 0 0 0 122 133 92 24 3 1 5 7 36 81 40 10 7 0 0 0 0 1 17 37 4 0 0 0 0 9 107 96 0 0 0 0 3 70 133 24 3 0 2 2 1 24 37 
Nearest neighbor : 6619 31 0 0 0 0 0 30 127 87 1 0 0 0 0 2 82 6 2 2 1 6 5 0 1 0 0 1 1 9 13 0 0 127 24 0 0 0 0 3 61 127 61 0 0 0 2 0 32 8 5 0 0 12 40 3 0 0 0 0 0 9 40 5 0 127 61 0 0 0 0 9 38 127 52 0 0 0 42 127 68 11 0 0 0 2 115 127 35 2 0 0 0 0 127 56 14 28 1 0 0 0 0 39 56 10 0 0 0 0 40 127 48 42 0 0 0 0 72 127 63 2 0 0 0 0 116 52 
distanceLSH : 348.266
Query number 95: 113 2 0 0 0 0 8 78 115 3 0 0 0 0 2 52 2 0 0 0 0 0 5 13 1 1 0 0 0 0 0 6 133 16 0 0 0 0 0 68 133 15 0 0 0 0 3 94 14 1 0 0 0 0 13 19 7 4 0 0 1 0 2 12 88 133 11 0 3 2 0 1 132 72 1 0 9 62 133 31 2 0 0 0 0 14 133 31 1 0 0 0 0 0 133 67 5 104 26 9 35 13 0 0 1 9 2 20 103 98 43 1 0 0 0 1 2 18 125 7 0 0 0 0 0 2 105 
Nearest neighbor : 9313 57 0 0 0 0 0 0 14 142 6 0 0 0 0 3 88 35 1 0 0 9 41 32 45 5 10 0 0 14 27 1 0 99 7 0 0 0 0 0 3 142 53 0 0 0 3 11 18 46 6 0 0 0 17 45 31 14 5 0 0 28 124 10 4 86 2 0 0 0 0 6 22 142 7 0 0 0 23 142 84 8 0 0 0 0 60 142 48 2 0 0 0 2 142 134 2 6 0 0 0 1 11 21 13 6 0 0 0 0 30 133 21 0 0 0 0 0 23 142 2 0 0 0 0 0 30 58 
distanceLSH : 376.11
Query number 96: 60 70 39 33 26 4 0 0 34 12 15 44 50 3 6 21 121 2 0 0 0 0 12 107 17 0 0 0 0 1 35 28 121 26 6 12 72 75 11 28 11 0 1 15 111 82 17 10 121 12 0 0 0 4 35 106 9 1 0 0 0 45 121 49 76 4 2 6 57 44 10 56 14 19 44 20 82 46 5 10 94 40 63 4 2 18 26 30 0 2 49 21 4 69 41 2 16 91 39 1 1 6 8 15 0 94 121 8 8 2 1 0 5 57 121 6 0 0 0 0 0 3 121 30 0 0 0 
Nearest neighbor : 311 16 0 0 12 52 3 2 14 17 0 0 25 138 5 8 30 126 5 3 0 4 4 15 107 23 13 16 24 13 3 1 6 12 0 0 8 84 8 15 35 20 0 0 18 138 11 5 21 138 19 0 0 11 3 1 36 69 24 7 13 16 42 14 12 6 5 12 66 52 6 3 16 10 17 44 71 120 10 1 13 138 41 69 8 9 4 2 44 56 22 21 7 38 36 11 21 10 33 40 55 19 0 0 0 14 94 138 72 7 0 0 0 19 99 138 84 7 0 0 1 9 54 57 24 4 2 0 
distanceLSH : 351.773
Query number 97: 13 7 4 27 2 0 3 19 91 61 17 3 0 0 0 47 77 13 15 14 6 0 0 33 1 1 6 37 12 0 0 2 38 68 45 122 7 0 0 2 115 122 80 53 0 0 0 1 32 23 74 118 1 0 1 16 5 17 33 32 4 0 1 3 79 23 19 102 27 0 1 29 122 52 9 35 15 1 19 122 8 10 15 122 10 1 24 38 11 13 17 43 13 7 1 3 50 11 5 62 60 0 1 14 12 0 0 42 93 19 85 122 0 0 0 12 6 9 122 122 0 0 0 10 9 24 43 
Nearest neighbor : 7051 56 3 1 3 10 2 0 9 18 59 74 14 22 7 7 3 7 33 81 38 14 7 9 5 14 0 10 19 9 4 5 69 117 6 1 1 0 0 0 36 117 96 112 5 1 1 2 31 7 12 117 91 92 15 12 4 4 11 36 88 71 17 4 9 117 16 0 0 0 0 0 29 117 32 0 0 3 26 67 105 6 0 2 15 30 117 106 12 5 4 11 38 21 99 46 6 80 4 0 0 5 0 0 8 19 0 1 13 54 25 93 84 2 1 3 1 13 63 107 62 5 1 1 0 0 35 28 
distanceLSH : 405.588
Query number 98: 14 8 0 0 3 49 22 8 39 37 1 0 4 21 25 31 14 38 2 0 4 16 7 9 0 1 0 0 2 4 13 37 22 1 0 1 19 119 29 26 119 12 0 0 0 17 28 62 20 1 0 0 15 36 21 11 21 0 0 0 28 85 45 44 54 4 0 1 17 51 75 73 119 22 0 0 16 49 100 74 4 0 0 0 34 119 119 113 117 12 0 0 60 119 15 26 39 25 17 27 4 7 22 29 60 32 6 5 88 73 43 58 7 0 0 0 36 68 113 102 106 50 0 0 3 32 14 
Nearest neighbor : 3271 10 8 2 12 9 4 5 11 89 91 23 16 5 1 0 5 10 66 94 31 1 0 0 0 5 51 10 22 11 6 3 0 37 20 2 2 5 26 32 40 114 60 2 1 0 2 11 33 31 16 18 6 11 94 44 4 29 6 1 2 10 107 102 23 75 26 4 0 17 72 25 112 86 16 0 0 0 3 114 114 9 11 17 6 69 114 114 48 88 66 37 7 33 56 23 20 18 29 6 0 5 16 10 16 6 0 0 0 2 30 111 57 102 10 11 2 5 20 77 114 55 25 33 7 7 1 0 
distanceLSH : 337.59
Query number 99: 11 48 10 0 0 0 0 1 2 44 125 13 0 0 1 1 1 11 142 19 0 0 2 11 4 6 91 4 0 0 2 49 121 57 7 0 0 0 0 9 142 133 142 18 0 0 0 13 3 36 142 88 0 0 0 0 0 46 142 13 0 0 0 0 116 4 4 1 0 0 0 27 142 15 6 0 0 0 0 94 37 11 48 15 0 0 0 8 0 15 44 6 0 0 0 0 45 15 2 0 0 0 0 3 142 10 0 0 0 0 0 52 61 0 0 0 0 0 0 17 0 0 0 0 0 0 0 
Nearest neighbor : 7767 27 51 65 1 0 0 0 2 16 36 147 72 0 0 0 1 0 24 147 50 0 0 0 0 0 51 147 0 0 0 0 0 121 20 4 0 0 0 0 50 147 29 98 48 0 0 0 84 5 18 147 52 0 0 0 0 0 42 146 1 0 0 0 0 100 0 0 0 0 0 0 28 147 2 1 0 0 0 0 73 31 2 9 17 1 0 0 2 0 2 7 5 2 1 0 0 64 1 0 0 0 0 0 19 147 24 0 0 0 0 0 8 27 6 2 9 2 0 0 0 0 0 1 3 10 1 0 
distanceLSH : 220.968
Query number 100: 4 10 5 90 67 6 4 3 117 104 15 56 26 0 0 0 30 7 0 0 11 11 0 1 4 0 0 0 1 16 11 12 41 2 11 34 16 21 20 70 68 50 34 31 12 3 8 16 10 1 0 0 45 64 0 1 51 0 0 0 25 98 32 39 48 0 0 0 1 21 82 117 5 1 1 0 1 12 117 117 0 0 0 0 88 117 25 42 117 0 0 0 53 117 17 38 2 0 0 0 0 21 63 25 0 0 0 0 0 8 102 117 1 0 0 0 24 117 79 72 105 4 0 0 15 43 0 
Nearest neighbor : 5560 53 31 3 48 15 0 9 20 0 6 38 117 35 0 3 0 0 20 117 16 1 0 0 0 39 51 54 3 1 8 3 1 72 10 3 6 13 6 75 115 81 59 90 35 18 3 25 37 0 40 117 5 14 76 6 0 2 21 52 6 6 117 30 0 71 6 0 0 5 6 25 54 111 10 0 0 2 7 101 117 22 0 0 0 109 117 12 25 0 0 0 0 24 117 12 1 1 0 0 0 0 0 9 8 100 0 0 0 1 10 24 90 35 0 0 0 88 117 15 35 1 0 0 0 14 21 1 
distanceLSH : 415.523
